Geneid         	YRIERR188044  	YRIERR188104  	YRIERR188234  	GBRERR188245  	GBRERR188257  	YRIERR188273  	GBRERR188337  	GBRERR188383  	GBRERR188401  	GBRERR188428  	YRIERR188454  	YRIERR204916
NM_033031	15	17	3	3	3	3	8	4	11	3	15	7
NM_033670	0	0	0	0	0	0	0	0	0	0	0	0
NM_144969	0	0	0	0	0	0	0	0	0	0	0	0
NM_001168362	0	0	0	0	0	0	0	0	0	0	0	0
NM_001168361	0	0	0	0	0	0	0	0	0	0	0	0
NM_001168360	0	0	0	0	0	0	0	0	0	0	0	0
NM_001146257	0	0	1	0	0	0	0	0	0	0	0	0
NM_001146256	0	0	0	0	0	0	0	0	0	0	0	0
NM_001168363	0	0	0	0	0	0	0	0	0	0	0	0
NM_014467	0	0	0	0	0	1	0	0	0	0	0	0
NM_001271680	0	0	0	0	0	0	0	0	0	0	0	0
NM_032969	0	0	0	0	0	0	0	0	0	0	0	0
NM_032968	0	0	0	0	0	0	0	0	0	0	0	0
NM_021118	0	0	0	0	0	0	0	0	0	0	0	1
NM_000351	954	1746	1903	457	715	694	1972	731	591	1194	919	1542
NM_013427	0	0	0	0	0	0	0	0	0	0	0	0
NM_000381	0	0	0	0	0	0	0	0	0	0	0	0
NM_001098624	0	0	0	0	0	0	0	0	0	0	0	0
NM_001118886	0	0	0	0	0	0	0	0	0	0	0	0
NM_006125	5	6	7	6	1	3	5	3	11	4	5	12
NM_001193278	0	0	0	0	0	0	0	0	0	0	0	0
NM_033290	0	0	0	0	0	0	0	0	0	0	0	0
NM_033289	0	0	0	0	0	0	0	0	0	0	0	0
NM_001193277	0	0	0	0	0	0	0	0	0	0	0	0
NM_014728	1	1	0	0	1	0	0	1	1	0	0	0
NM_015507	0	0	0	0	0	0	0	0	0	0	0	0
NR_109776	0	2	0	3	0	0	1	0	0	0	0	1
NM_002063	0	0	0	0	0	0	0	0	0	0	0	0
NM_001118885	0	0	0	0	0	0	0	0	0	0	0	0
NM_001167890	0	0	0	0	0	0	0	0	0	0	0	0
NM_001193280	0	0	0	0	0	0	0	0	0	0	0	0
NM_001193279	0	0	0	0	0	0	0	0	0	0	0	0
NM_001171942	0	1	0	0	0	0	0	0	0	0	0	0
NM_021785	0	0	0	0	0	0	0	0	0	0	0	0
NR_073010	0	0	0	0	0	0	0	0	0	0	0	0
NM_001172743	0	0	0	0	0	0	0	0	0	0	0	0
NM_001172739	0	0	0	0	0	0	0	0	0	0	0	0
NM_001172732	0	0	0	0	0	0	0	0	0	0	0	0
NM_198279	260	388	226	137	226	93	408	189	282	167	246	203
NR_033349	0	0	0	0	0	0	0	0	0	0	0	0
NR_033348	0	0	0	0	0	0	0	0	0	0	0	0
NM_004022	0	0	0	0	0	0	0	0	0	0	0	0
NM_004012	0	0	0	0	0	0	0	0	0	0	0	0
NM_004023	0	0	0	0	0	0	0	0	0	0	0	0
NM_004020	0	0	0	0	0	0	0	0	0	0	0	0
NM_000109	0	0	0	0	0	0	0	0	0	0	0	0
NM_004011	0	0	0	0	0	0	0	0	0	0	0	0
NM_004009	0	0	0	0	0	0	0	0	0	0	0	0
NM_004006	0	0	0	0	0	0	0	0	0	0	0	0
NM_004014	0	0	0	0	0	0	0	0	0	0	0	0
NM_004013	0	0	0	0	0	0	0	0	0	0	0	0
NM_004010	0	0	0	0	0	0	0	0	0	0	0	0
NM_004021	0	0	0	0	0	0	0	0	0	0	0	0
NM_014271	0	0	0	0	0	0	0	0	1	0	0	0
NM_001291421	0	0	0	0	0	0	0	0	0	0	0	0
NM_001291418	0	0	0	0	0	0	0	0	0	0	0	0
NM_001291417	0	0	0	0	0	0	0	0	0	0	0	0
NM_001291416	0	0	0	0	0	0	0	0	0	0	0	0
NM_001291415	1	0	0	0	0	0	4	0	0	0	0	0
NM_021140	0	0	0	0	0	0	0	0	0	0	0	0
NM_033215	4	5	6	36	46	3	82	37	35	4	42	38
NM_001204468	0	0	0	0	0	0	0	0	0	0	0	0
NM_001204466	0	0	0	0	0	0	0	0	0	0	0	0
NM_005676	0	0	0	0	0	0	0	0	0	0	0	0
NM_001204467	0	0	0	0	0	0	0	0	0	0	0	0
NM_001184745	0	0	0	0	0	0	0	0	0	0	0	0
NM_152856	0	0	0	0	0	0	0	0	0	0	0	0
NR_111960	0	0	0	0	0	0	0	0	0	0	0	0
NM_001178032	0	0	0	0	0	0	0	0	0	0	0	0
NM_001243804	0	0	0	0	0	0	0	0	0	0	0	0
NM_001166418	0	0	0	0	0	0	0	0	0	0	0	0
NM_018486	0	0	0	0	0	0	0	0	1	0	0	0
NM_012278	7	4	8	6	3	1	11	1	4	1	6	6
NM_006517	1	0	2	0	0	1	0	0	1	0	0	0
NR_103715	0	0	0	0	0	0	0	0	0	0	0	0
NM_002547	6	1	0	0	1	0	2	1	1	0	1	1
NR_051952	0	0	0	0	0	0	0	0	0	0	0	0
NM_001303277	0	0	0	0	0	0	0	0	0	0	0	0
NM_153252	1383	1692	1132	588	761	597	1396	903	1549	904	1052	1108
NM_000489	14	18	8	1	7	5	17	5	11	9	7	8
NM_138270	0	0	0	0	0	0	0	0	0	0	0	0
NM_000390	635	720	678	342	427	298	633	565	720	458	520	847
NM_001145414	48	35	52	22	52	21	42	34	32	18	41	33
NR_024062	0	0	0	0	0	0	0	0	0	0	0	0
NM_006729	42	59	30	23	25	18	50	35	43	44	33	44
NR_024608	14	4	23	7	12	7	5	11	9	9	8	17
NM_001085354	0	0	0	0	0	0	0	0	0	0	0	0
NM_198465	0	0	1	0	0	0	0	0	0	0	0	0
NM_024657	0	0	0	0	0	0	0	0	0	0	0	0
NM_017416	1	0	1	0	0	0	0	0	1	1	1	3
NM_001128172	0	0	0	0	0	0	0	0	0	0	0	0
NM_001128167	0	0	0	0	0	0	0	0	0	0	0	0
NM_017698	0	1	0	1	0	0	2	0	0	0	0	5
NM_001128166	0	0	0	0	0	0	0	0	0	0	0	0
NM_001128173	0	0	0	0	0	0	0	0	0	0	0	0
NM_032227	100	29	54	22	22	25	53	23	59	35	21	50
NM_002578	0	1	1	0	0	0	0	0	1	0	0	1
NM_001128168	0	0	0	0	0	0	0	0	0	0	0	0
NM_001004308	0	0	0	2	0	0	0	0	2	0	0	1
NR_110399	0	0	0	1	0	0	0	0	0	0	0	0
NM_001163279	0	0	0	0	0	0	0	0	0	0	0	0
NM_001081550	3097	3936	2096	1220	2353	1160	3412	2529	2900	1993	2499	2513
NM_014253	0	0	0	0	0	0	0	0	0	0	0	0
NM_001163278	0	0	0	0	0	0	0	0	0	0	0	0
NM_001282607	0	0	0	0	0	0	0	0	0	0	0	0
NM_001306193	0	0	0	0	0	0	0	0	0	0	0	0
NM_021946	0	0	0	0	0	0	0	0	0	0	0	0
NM_144967	0	0	0	0	0	0	0	0	0	0	0	0
NM_194277	0	0	0	0	0	0	0	0	0	0	0	0
NM_001184772	22	12	29	13	7	10	17	3	13	10	11	7
NM_153834	0	0	0	0	0	0	0	0	0	0	0	0
NR_110381	0	1	0	1	1	0	0	0	0	0	2	1
NR_037183	0	0	0	0	0	0	0	0	0	0	0	0
NM_001169122	0	0	0	0	0	0	0	0	0	0	0	0
NM_002025	0	0	0	0	0	0	0	0	0	0	0	0
NM_001169123	0	0	0	0	0	0	0	0	0	0	0	0
NM_001169124	0	0	0	0	0	0	0	0	0	0	0	0
NM_001169125	0	0	0	0	0	0	0	0	0	0	0	0
NM_001170628	0	0	0	0	0	0	0	0	0	0	0	0
NR_027456	31	63	33	8	31	9	58	17	48	15	26	22
NM_006883	0	0	0	0	0	0	0	0	0	0	0	0
NM_001173474	0	0	0	0	0	0	0	0	0	0	0	0
NM_001173473	3	1	1	0	1	0	0	0	0	0	2	3
NM_004192	0	0	0	0	0	0	0	0	0	0	0	0
NM_145177	554	405	412	471	356	193	478	413	574	305	363	326
NM_175569	0	0	0	0	0	0	0	0	0	0	0	0
NM_001171135	0	0	0	10	11	1	33	12	8	1	7	5
NM_004729	0	0	0	0	0	0	0	0	0	0	0	0
NM_001171136	0	0	0	0	0	0	0	0	0	0	0	0
NR_003254	0	0	0	0	0	0	0	0	0	0	0	0
NM_001141920	0	0	0	0	0	0	0	0	0	0	0	0
NM_001141919	0	0	0	0	0	0	0	0	0	0	0	0
NM_001011719	0	0	0	0	0	0	0	0	0	1	0	0
NR_033380	17	19	9	4	13	2	15	5	21	7	12	5
NR_033381	46	56	30	18	11	6	13	17	25	14	32	33
NM_005044	1496	1523	2609	1188	1007	884	2339	1514	1542	1746	1577	2127
NR_038428	0	0	0	0	0	0	0	0	0	0	0	0
NM_020742	0	0	0	0	0	0	0	0	0	0	0	0
NM_001282145	0	0	0	0	0	0	0	0	0	0	0	0
NM_001282146	0	0	0	0	1	1	0	0	0	0	0	0
NM_181332	0	0	0	0	0	0	0	0	0	0	0	0
NM_001178135	0	4	9	0	0	5	5	0	4	2	0	1
NM_012080	0	0	0	0	0	0	0	0	0	0	0	0
NM_001178136	0	0	0	0	0	0	0	0	0	0	0	0
NM_001135565	0	1	2	1	1	2	3	0	2	1	1	0
NM_000216	12	3	5	4	10	0	1	10	13	21	2	0
NM_001649	1	0	3	20	0	1	2	2	0	10	1	0
NM_005647	0	2	0	1	1	0	13	8	0	0	2	4
NM_001139468	0	1	0	0	1	0	0	0	0	0	0	0
NM_001139467	0	0	0	0	0	0	0	0	0	0	0	0
NM_001139466	0	0	0	0	0	0	0	0	0	0	0	0
NM_001830	10	15	14	3	0	3	16	2	0	3	0	2
NM_015691	877	2459	3755	827	1075	920	2152	1282	841	1030	136	555
NM_001256944	0	0	0	0	0	0	0	0	0	0	0	0
NM_013423	1	0	0	0	1	1	0	0	0	0	0	0
NM_001287242	2	0	0	2	0	0	0	0	1	0	1	5
NM_021109	227361	224299	309442	122134	189405	111946	183151	155677	241410	140687	164024	142700
NM_003611	1453	1686	1227	730	1025	551	2134	1124	1530	1167	942	984
NM_017856	4	4	6	0	0	0	6	5	5	0	4	12
NM_001001994	0	0	0	2	2	0	0	2	2	0	0	0
NM_001042480	0	0	0	0	0	0	0	0	0	0	0	0
NM_001042479	0	0	0	0	0	0	0	0	0	0	0	0
NM_020473	0	0	0	0	0	0	0	0	0	0	0	0
NM_002641	47	70	37	15	32	11	60	30	68	34	34	52
NM_021804	0	0	2	0	0	2	0	0	1	1	0	0
NM_003662	0	1	0	0	0	0	0	0	0	0	0	0
NM_001018109	0	0	0	0	0	0	0	0	0	0	0	0
NR_037859	2	1	0	0	0	1	0	1	2	0	1	2
NR_033836	0	0	0	0	0	0	0	0	0	0	0	0
NR_033835	0	0	0	0	0	0	0	0	0	0	0	0
NM_175859	7	8	6	23	35	2	40	23	31	7	21	31
NM_001144002	1	2	1	2	1	1	4	0	0	0	0	2
NM_019857	3	2	1	0	1	1	6	2	4	2	3	3
NM_001080975	0	0	0	0	0	0	0	0	0	0	0	0
NM_004726	0	0	0	0	0	0	0	0	0	0	0	0
NM_001291867	0	0	0	0	0	0	0	0	0	0	0	0
NM_198270	0	0	0	0	0	0	0	0	0	0	0	0
NM_001136024	0	0	0	0	0	0	0	0	0	0	0	0
NM_001291868	0	0	0	0	0	0	0	0	0	0	0	0
NM_153346	0	0	0	0	0	0	0	0	0	0	0	0
NM_001184767	0	0	0	0	0	0	0	0	0	0	0	0
NM_006240	0	0	0	0	0	0	0	0	0	0	0	0
NM_003159	0	0	0	1	0	0	0	0	0	0	0	0
NM_001037343	0	0	0	0	1	0	0	0	0	0	0	0
NM_152226	0	0	0	0	0	0	0	0	0	0	0	0
NM_152224	0	0	0	0	0	0	0	0	0	0	0	0
NR_033717	0	0	0	0	0	0	0	0	0	0	0	0
NM_006089	1	3	3	2	2	1	1	4	3	0	7	1
NR_133641	0	0	0	0	0	0	0	0	0	0	0	0
NM_001024666	3	5	8	15	10	2	17	11	12	8	1	1
NM_031892	311	340	327	194	514	139	802	470	354	216	436	662
NM_001079860	0	0	0	0	0	0	0	0	0	0	0	0
NM_001184836	0	0	0	0	0	0	0	0	0	0	0	0
NM_001184835	0	0	0	0	0	0	0	0	0	0	0	0
NM_001184834	0	0	0	0	0	0	0	0	0	0	0	0
NM_001184833	0	0	0	0	0	0	0	0	0	0	0	0
NM_001184960	0	1	1	0	0	0	0	0	0	0	0	0
NM_005756	0	0	0	0	0	0	0	0	0	0	0	0
NM_001079858	0	0	0	0	0	0	0	0	0	0	0	0
NM_001001671	10	14	18	8	8	5	11	10	5	7	14	13
NM_001079859	0	0	0	0	0	0	0	0	0	0	0	0
NM_001184837	0	0	0	0	0	0	0	0	0	0	0	0
NM_001168466	0	0	0	0	0	0	0	0	0	0	0	0
NM_001168465	7	41	25	0	6	5	17	12	25	13	20	50
NM_152780	0	0	0	0	0	0	0	0	0	0	0	0
NM_004586	2530	2728	2262	1096	1624	1001	2322	1938	2548	1657	1911	2120
NM_001168467	0	0	0	0	0	0	0	0	0	0	0	0
NR_045617	1	0	0	0	0	0	0	0	0	0	0	0
NM_001168647	0	0	0	0	0	0	0	0	0	0	0	0
NM_001168649	0	0	0	0	0	0	0	0	0	0	0	0
NM_001168648	0	0	0	0	0	0	0	0	0	0	0	0
NM_014927	0	0	0	0	0	0	0	0	0	0	0	0
NM_014332	0	0	0	0	0	0	0	0	0	0	0	0
NM_000444	0	0	0	0	1	0	1	1	1	0	0	0
NM_001282754	0	0	0	0	0	0	0	0	0	0	0	0
NM_001033583	0	0	0	0	0	0	0	0	0	0	0	0
NM_024122	7	13	10	5	13	8	10	13	20	4	8	10
NM_030624	854	894	592	277	486	281	664	593	674	490	565	673
NM_001037171	0	0	0	0	0	1	3	0	0	0	0	0
NR_026545	0	0	0	0	0	0	0	0	0	0	0	0
NM_001142386	2675	3449	1848	1544	1792	833	2666	2027	3049	1674	1463	2797
NM_005391	3	10	9	5	12	4	15	5	15	6	8	7
NM_004845	0	0	0	0	0	0	0	0	0	0	0	0
NM_016937	2002	2847	2009	1113	1559	888	2847	1736	2593	1574	1583	2100
NM_001163265	0	0	0	0	0	0	0	0	0	0	0	0
NM_001163264	0	0	0	0	0	0	0	0	0	0	0	0
NM_203391	0	0	0	0	0	0	0	0	0	0	0	0
NM_004019	3	11	1	0	0	2	4	1	11	2	3	6
NM_004018	0	0	0	0	0	0	0	0	0	0	0	0
NM_001205019	0	0	0	0	0	0	0	0	0	0	0	0
NM_004017	0	0	0	0	0	0	0	0	0	0	0	0
NM_004016	0	0	0	0	0	0	0	0	0	0	0	0
NM_000167	0	0	0	0	0	0	0	0	0	0	0	0
NM_004015	0	0	0	0	0	0	0	0	0	0	0	0
NM_001128127	0	0	0	0	0	0	0	0	0	0	0	0
NM_001304548	0	0	0	0	0	0	0	1	0	0	0	0
NR_110412	1	0	0	0	0	0	0	0	0	0	0	0
NM_001173486	1	0	0	0	0	0	0	0	0	0	0	0
NM_001173490	0	0	0	0	0	0	0	0	0	0	0	0
NM_001173489	0	0	0	0	0	0	0	0	0	0	0	0
NM_001142395	0	0	0	0	0	0	0	0	0	0	0	0
NM_000950	0	0	0	0	0	0	0	0	0	0	0	0
NM_001170331	0	0	0	0	0	0	0	0	0	0	0	0
NM_198511	0	0	0	0	0	0	0	0	0	0	0	0
NM_000328	54	124	73	58	100	32	142	80	123	74	118	74
NM_004615	16	3	3	1	5	1	2	2	4	2	5	4
NM_000531	0	0	1	0	0	0	0	0	0	0	0	0
NM_138780	0	0	0	0	0	0	0	0	0	0	0	0
NM_001163335	0	0	0	0	0	0	0	0	0	0	0	0
NR_038968	0	0	1	0	0	0	0	0	0	0	0	0
NM_001123384	0	0	0	0	0	0	0	0	0	0	0	0
NM_001123383	0	0	0	0	0	0	0	0	0	0	0	0
NM_144970	1490	1515	1993	938	984	757	1519	1206	1808	1324	1276	1850
NM_001039590	0	0	1	2	0	0	1	0	0	0	0	1
NM_001126054	0	0	0	0	0	0	0	0	0	0	0	0
NM_001126055	0	0	0	0	0	0	0	0	0	0	0	0
NM_003688	7	8	2	0	2	1	6	2	6	1	5	0
NM_001039591	0	0	0	0	0	0	0	0	0	0	0	0
NM_000898	0	0	1	0	0	0	0	0	0	0	0	0
NM_025184	2	21	3	0	4	2	14	4	5	9	1	2
NM_001077445	0	0	0	0	0	0	1	0	0	0	0	0
NM_032591	0	0	0	1	0	0	0	0	0	0	0	0
NM_001190417	0	0	0	0	0	0	0	0	0	0	0	0
NM_001257291	0	0	0	0	0	0	0	0	0	1	0	0
NM_014735	0	0	0	2	6	0	1	2	10	0	1	6
NM_001039891	1	0	0	0	0	0	0	0	0	0	0	0
NM_001146291	0	0	0	0	0	0	0	0	0	0	0	0
NM_153380	0	0	0	0	0	0	0	0	0	0	0	0
NM_133499	0	0	0	0	0	0	0	0	0	0	0	0
NM_007137	425	387	194	110	173	163	322	160	416	188	227	232
NM_007130	3	2	2	0	1	0	2	2	2	1	1	1
NR_033924	0	0	0	1	0	0	0	0	0	0	0	0
NM_006950	0	0	0	0	0	0	0	1	0	0	0	0
NM_000084	0	0	0	0	0	0	0	0	2	0	0	0
NM_021123	0	0	0	0	0	0	0	0	0	0	0	0
NM_001475	0	0	0	0	0	0	0	0	0	0	0	0
NM_001282163	0	1	0	0	0	0	2	0	3	1	0	1
NM_001477	0	0	0	0	0	0	0	0	0	0	0	0
NM_001127199	0	0	0	0	0	0	0	0	0	0	0	0
NM_003886	0	0	0	0	0	0	0	0	0	0	0	0
NM_001098405	0	0	0	0	0	0	0	0	0	0	0	0
NM_001098408	0	0	0	0	0	0	0	0	0	0	0	0
NM_001474	0	0	0	0	0	0	0	0	0	0	0	0
NM_001098409	0	0	0	0	0	0	0	0	0	0	0	0
NM_001476	0	0	0	0	0	0	0	0	0	0	0	0
NM_001127899	0	0	0	0	0	0	0	0	3	1	1	0
NM_001127898	0	0	0	0	0	0	0	0	0	0	0	0
NM_001098410	0	0	0	0	0	0	0	0	0	0	0	0
NM_001272102	0	0	0	0	0	0	0	1	0	0	0	0
NM_001098418	0	0	0	0	0	0	0	0	0	0	0	0
NM_001127345	0	0	0	0	0	0	0	0	0	0	0	0
NM_020717	3	0	0	0	0	0	1	1	0	0	0	0
NR_110382	0	0	0	0	0	0	0	0	0	0	0	0
NM_001013742	0	0	0	0	0	0	0	0	0	0	0	0
NR_027121	0	0	0	0	0	0	0	0	0	0	0	0
NM_001146702	0	0	0	0	0	0	0	0	0	0	0	0
NM_004187	0	0	0	0	0	0	0	0	0	0	0	0
NM_001242492	0	0	0	0	0	0	0	0	0	0	0	0
NM_001242491	2	1	5	2	1	1	3	4	1	0	0	0
NM_001242490	0	0	0	0	0	0	0	0	0	0	0	0
NM_001242489	0	0	0	0	0	0	0	0	0	0	0	0
NM_001242495	0	0	0	0	0	0	0	0	0	0	0	0
NM_001242494	0	0	0	0	0	0	0	0	0	0	0	0
NM_014138	0	0	0	0	0	0	0	0	0	0	0	0
NM_001282622	0	0	0	0	0	0	0	0	0	0	0	0
NM_001242493	0	0	0	0	0	0	0	0	0	0	0	0
NM_001242497	0	0	0	0	0	0	0	0	0	0	0	0
NM_001242496	0	0	0	0	0	0	0	0	0	0	0	0
NM_001099684	1	0	1	0	0	1	1	0	0	2	0	0
NM_022117	809	839	886	635	683	235	972	585	967	450	817	732
NM_001184898	8	14	7	0	11	3	22	3	20	6	11	6
NM_031407	22127	21251	20021	10859	14095	9060	23614	11319	26384	15485	13334	17934
NM_001184896	3	1	0	0	1	1	1	0	0	0	1	2
NM_001300788	0	0	0	0	0	0	0	0	0	0	0	0
NM_015107	0	0	0	0	0	0	0	0	0	0	0	0
NM_020922	0	0	0	0	0	0	0	0	0	0	0	0
NM_001184897	0	0	0	0	0	0	0	0	0	0	0	0
NM_001002838	0	0	0	0	0	0	0	0	0	0	0	0
NM_017848	9	4	14	1	5	3	11	1	5	10	5	3
NM_198510	0	0	0	0	0	0	0	0	0	0	0	0
NM_174912	80	159	88	38	24	46	50	55	78	40	113	150
NR_015367	915	838	783	571	662	359	742	681	1063	626	697	707
NM_015185	59	45	48	20	27	15	28	20	53	34	29	46
NR_015353	394	367	414	168	271	153	484	246	482	252	225	289
NM_001173479	7	11	3	3	8	2	2	1	11	1	1	9
NM_001173480	0	0	0	0	0	0	0	0	0	0	0	0
NM_130388	0	2	0	1	5	2	2	2	1	5	1	1
NM_017677	89	88	102	41	51	35	63	45	74	51	74	99
NM_138737	5	1	0	0	0	0	1	1	2	0	1	3
NM_001282141	0	0	0	0	0	0	0	0	0	0	0	0
NM_014799	0	0	0	0	0	0	0	0	0	0	0	0
NM_001130860	0	0	0	0	0	0	0	0	0	0	0	0
NM_000044	1	1	0	0	0	0	2	0	0	0	0	1
NM_001011645	0	0	0	0	0	0	0	0	0	0	0	0
NM_014725	0	0	0	0	0	0	0	0	0	0	0	0
NM_001142503	0	0	0	0	0	0	0	0	0	0	0	0
NM_001399	0	0	0	0	0	0	0	0	0	0	0	0
NM_001005610	0	0	0	0	0	0	0	0	0	0	0	0
NM_001005609	0	0	0	0	0	0	0	0	0	0	0	0
NM_001005613	0	0	0	0	0	0	0	0	0	0	0	0
NM_001005612	0	0	0	0	0	0	0	0	0	0	0	0
NM_031276	0	0	0	0	0	0	0	0	0	0	0	0
NM_012310	1890	1724	2046	696	1020	806	1609	1396	1182	1080	1321	1467
NM_001003811	0	0	0	0	0	0	0	0	0	0	0	0
NM_138923	0	0	0	0	0	0	0	0	0	0	0	0
NM_001286074	0	0	0	0	0	0	0	0	0	0	0	0
NM_001170747	2	5	3	10	4	0	6	19	3	6	6	9
NM_017669	625	772	536	306	518	259	730	569	676	480	547	527
NM_181672	0	0	1	0	1	0	0	1	0	0	0	0
NM_181673	0	0	0	0	0	0	0	0	0	0	0	0
NM_004606	0	0	0	0	0	0	0	0	0	0	0	0
NR_104394	0	0	0	0	0	0	0	0	0	0	0	0
NR_104387	0	0	0	0	0	0	0	0	0	0	0	0
NM_001013627	11	1	5	0	9	2	2	4	8	13	3	15
NR_104388	0	0	0	0	0	0	0	0	0	0	0	0
NR_104391	0	0	0	0	0	0	0	0	0	0	0	0
NR_104390	0	0	0	0	0	0	0	0	0	0	0	0
NR_104389	0	0	0	0	0	0	0	0	0	0	0	0
NR_104395	2	1	1	0	0	0	1	0	2	0	2	0
NR_104393	0	0	0	0	0	0	0	0	0	0	0	0
NR_104392	0	0	0	0	0	0	0	0	0	0	0	0
NM_001166419	0	0	0	0	0	0	0	0	1	0	0	0
NM_001172436	0	0	0	0	0	0	0	0	0	0	0	0
NM_002637	0	0	0	0	0	0	0	0	0	0	0	0
NM_001122670	0	0	0	0	0	0	0	0	0	0	0	0
NM_001166448	0	0	0	0	0	0	0	0	0	0	0	0
NR_028379	109	85	159	53	69	68	67	99	100	73	111	107
NR_024582	51	114	169	101	62	55	128	83	95	111	74	100
NR_029423	15	15	8	5	12	6	14	7	11	5	8	11
NM_001039840	2	2	5	0	1	0	0	0	0	0	1	0
NM_001300884	0	0	0	0	0	0	0	0	0	0	0	0
NR_003255	5	1	7	4	0	1	9	0	3	5	0	5
NM_001271699	0	0	0	0	0	0	0	0	0	0	0	0
NM_001271697	0	0	0	0	0	0	0	0	0	0	0	0
NM_001271696	0	0	0	0	0	0	0	0	0	0	0	0
NM_004299	0	0	0	0	0	0	0	0	0	0	0	0
NM_001271698	0	0	0	0	0	0	0	0	0	0	0	0
NM_001008537	335	113	262	34	93	227	151	139	169	93	67	76
NR_110406	0	0	0	0	0	0	0	0	0	0	0	0
NR_110404	0	0	0	0	0	0	0	0	0	0	0	0
NR_110403	0	0	0	0	0	0	0	0	0	0	0	0
NR_110402	0	0	0	0	0	0	0	0	0	0	0	0
NR_110401	0	0	0	0	0	0	0	0	0	0	0	0
NR_110400	0	0	0	0	0	0	0	0	0	0	0	0
NR_110405	0	0	0	0	0	0	0	0	0	0	0	0
NM_032121	4128	3642	3736	2376	3104	1382	2936	3400	3262	2058	4972	2909
NM_000291	59742	74043	52755	31012	23816	23076	31969	48895	36734	40046	39263	61185
NM_001282224	0	0	0	0	0	0	0	0	0	0	0	0
NM_000052	66	64	27	8	18	15	27	22	33	19	31	46
NR_104109	0	0	0	0	0	0	0	0	0	0	0	0
NM_001170574	0	0	0	0	0	0	0	0	0	0	0	0
NM_003022	5511	5295	4332	3141	3809	2058	4278	4364	4953	3351	4875	3801
NM_030763	628	766	754	348	936	411	1218	897	629	881	822	694
NM_001177479	1	0	0	0	0	0	0	0	0	0	0	0
NM_001177478	0	0	0	0	0	0	0	0	0	0	0	0
NM_014496	147	183	212	25	49	9	89	45	60	64	7	29
NM_144657	0	0	0	0	0	0	0	0	0	0	0	0
NM_198450	917	1234	751	593	594	389	1013	577	908	620	656	885
NM_024921	11	21	23	4	37	8	0	13	14	1	79	22
NM_001307940	0	0	0	0	0	0	0	0	0	0	0	0
NM_053281	0	0	0	0	0	0	0	0	0	0	0	0
NM_001139514	0	0	0	0	0	0	0	0	0	0	0	0
NM_001139515	0	0	0	0	0	0	0	0	0	0	0	0
NM_057162	0	0	0	0	0	0	0	0	0	0	0	0
NM_019117	0	0	0	0	0	0	0	0	0	0	0	0
NM_007309	11	19	12	3	11	4	9	11	17	15	12	6
NM_020766	0	0	0	0	0	0	0	0	0	0	0	0
NM_001184880	0	0	0	0	0	0	0	0	0	0	0	0
NM_001105243	0	0	0	0	0	0	0	0	0	0	0	0
NR_028407	17	9	2	5	11	0	9	8	11	3	2	2
NM_212559	16	19	42	2	2	3	6	6	3	2	7	2
NM_032946	0	0	0	0	0	0	0	0	0	0	0	0
NM_001199818	21	17	19	8	11	5	19	18	21	12	23	12
NM_001099686	0	0	0	0	0	0	0	0	0	0	0	0
NM_022053	0	0	0	0	0	0	0	0	0	0	0	0
NR_028089	0	0	0	0	0	0	0	0	0	0	0	0
NM_001142425	0	0	0	0	0	0	0	0	0	0	0	0
NM_001142424	0	0	0	0	0	0	0	0	0	0	0	0
NM_001142423	0	0	0	0	0	0	0	0	0	0	0	0
NM_001142422	0	0	0	0	0	0	0	0	0	0	0	0
NM_012286	0	0	0	0	0	0	0	0	0	0	0	0
NM_001142426	0	0	0	0	0	0	0	0	0	0	0	0
NM_001142431	0	0	0	0	0	0	0	0	0	0	0	0
NM_001142430	0	0	0	0	0	0	0	0	0	0	0	0
NM_001142429	0	0	0	0	0	0	0	0	0	0	0	0
NM_001142428	0	0	0	0	0	0	0	0	0	0	0	0
NM_001142427	0	0	0	0	0	0	0	0	0	0	0	0
NM_001142421	0	0	0	0	0	0	0	0	0	0	0	0
NM_001142419	0	0	0	0	0	0	0	0	0	0	0	0
NM_001142420	0	0	0	0	0	0	0	0	0	0	0	0
NM_001142418	0	0	0	0	0	0	0	0	0	0	0	0
NM_001142432	0	0	0	0	0	0	0	0	0	0	0	0
NR_131236	3	6	3	2	1	1	0	1	2	0	3	0
NR_131237	1	2	0	1	1	0	0	1	0	1	0	1
NM_017752	116	110	50	31	132	49	71	132	195	92	127	259
NM_000354	0	0	0	0	0	0	0	0	0	0	0	0
NM_152423	0	0	0	0	0	0	0	0	0	0	0	0
NM_001171020	0	0	0	0	0	0	0	0	0	0	0	0
NM_198881	5	2	4	2	3	2	2	4	2	2	8	2
NM_173494	0	0	0	0	0	0	0	0	0	0	0	0
NM_012216	0	0	0	0	0	0	0	0	0	0	0	0
NM_001171080	294	516	225	207	356	103	431	281	412	194	301	253
NM_018301	126	151	67	43	89	42	158	63	135	65	77	68
NM_052817	0	0	0	0	0	0	0	0	0	0	0	0
NM_198057	6	6	3	4	13	0	12	18	14	21	20	11
NM_001169154	0	0	0	0	0	0	0	0	0	0	0	0
NM_000495	0	0	0	0	0	0	0	0	0	0	0	0
NM_033641	0	0	0	0	0	0	0	0	0	0	0	0
NM_033380	0	0	0	0	0	0	0	0	0	0	0	0
NM_001847	0	0	0	0	0	0	0	0	0	0	0	0
NM_001287758	0	0	0	0	0	0	0	0	0	0	0	0
NM_001287759	0	0	0	0	0	0	0	0	0	0	0	0
NM_001287760	0	0	0	0	0	0	0	0	0	0	0	0
NM_178270	0	0	0	0	0	0	0	0	0	0	0	0
NM_052936	51	36	58	49	39	16	42	31	77	25	48	28
NM_001522	1	1	0	0	0	0	1	1	0	0	0	0
NM_022977	30	32	16	9	13	6	44	9	34	18	28	9
NM_004458	0	0	0	0	0	0	0	0	0	0	0	0
NM_145234	0	0	0	0	0	0	0	0	0	0	0	0
NM_015365	0	0	0	0	0	0	0	0	0	0	0	0
NM_001143983	0	0	0	0	0	0	0	0	0	0	0	0
NM_001143982	0	0	0	0	0	0	0	0	0	0	0	0
NM_001143981	0	0	0	0	0	0	0	0	0	0	0	0
NM_001171689	0	0	0	0	0	0	0	0	0	0	0	0
NM_001025580	0	0	0	0	0	0	0	0	0	0	0	0
NM_178153	0	0	0	0	0	0	0	0	0	0	0	0
NM_178152	0	0	0	0	0	0	0	0	0	0	0	0
NM_178151	0	0	0	0	0	0	0	0	0	0	0	0
NM_012471	0	1	0	1	0	2	3	0	1	0	1	0
NM_001195553	0	0	0	0	0	0	0	0	0	0	0	0
NR_131204	0	1	0	1	0	0	0	0	0	0	0	0
NM_000868	0	0	0	0	0	0	0	0	0	0	0	0
NM_001243963	0	0	0	0	0	0	0	0	0	0	0	0
NM_001256761	0	0	0	0	0	0	0	0	0	0	0	0
NM_001256760	0	0	0	0	0	0	0	0	0	0	0	0
NM_020871	0	0	0	0	0	0	0	0	0	0	0	0
NM_001136025	0	0	0	0	0	0	0	0	0	0	0	0
NM_001282337	0	0	0	0	0	0	0	0	0	0	0	0
NM_005032	0	0	0	0	0	0	0	0	0	0	0	0
NM_001172335	0	0	0	0	0	0	0	0	0	0	0	0
NR_132337	0	0	0	0	0	0	0	0	0	0	0	0
NM_001282338	0	0	0	0	0	0	2	0	1	0	0	1
NM_001168302	0	0	0	0	0	0	0	0	0	0	0	0
NM_001184965	0	0	0	0	0	0	0	0	0	0	0	0
NM_001168303	0	0	0	0	0	0	0	0	0	0	0	0
NM_033495	0	0	0	0	0	0	0	0	0	0	0	0
NM_001168299	0	0	0	0	0	1	0	0	0	0	0	0
NM_001168301	0	0	0	0	0	0	0	0	0	0	0	0
NM_001168300	0	0	0	0	0	0	0	0	0	0	0	0
NM_001184966	0	0	0	0	0	0	0	0	0	0	0	0
NM_019045	0	0	0	0	0	0	0	0	0	0	0	0
NM_001289109	1	2	0	0	0	0	0	1	0	0	0	0
NM_145305	492	626	445	397	535	213	846	537	645	467	646	536
NM_144658	1990	2216	1372	821	1381	892	2206	1486	1521	1342	1554	1590
NR_110311	0	0	0	0	0	0	0	0	0	0	1	0
NM_001560	63	114	85	42	39	128	20	26	32	40	27	78
NM_020721	1	0	0	4	0	0	0	0	0	0	0	0
NM_024778	0	0	0	0	0	0	0	0	0	0	0	0
NM_001031855	0	0	0	0	0	0	0	0	0	0	0	0
NM_015129	0	0	0	0	0	0	0	0	0	0	0	0
NM_145800	0	0	0	0	0	0	0	0	0	0	0	0
NM_024528	500	676	486	560	649	212	663	676	734	371	667	640
NM_013995	1453	1932	1408	1157	1513	549	1346	1458	2145	1195	1796	1493
NM_001122606	0	0	0	0	0	0	0	0	0	0	0	0
NM_145799	3447	4120	7335	3135	2570	2167	4954	2334	2879	3355	2704	3212
NM_145802	0	0	0	0	0	0	0	0	0	0	0	0
NM_002294	172	144	167	95	107	75	126	133	127	70	191	104
NR_131238	1	8	0	0	0	0	5	0	2	5	1	0
NM_001080139	0	0	0	0	0	0	0	0	0	0	0	0
NM_001080142	0	0	0	0	0	0	0	0	0	0	0	0
NM_001080144	0	0	0	0	0	0	0	0	0	0	0	0
NM_001080145	0	0	0	0	0	0	0	0	0	0	0	0
NM_001080138	0	0	0	0	0	0	0	0	0	0	0	0
NM_173571	0	0	0	0	0	0	0	0	0	0	0	0
NM_001242922	0	0	0	0	0	0	0	0	0	0	0	0
NM_001080146	0	0	0	0	0	0	0	0	0	0	0	0
NM_001080141	0	0	0	0	0	0	0	0	0	0	0	0
NM_001080143	0	0	0	0	0	0	0	0	0	0	0	0
NM_001080137	0	0	0	0	0	0	0	0	0	0	0	0
NM_000828	0	0	0	0	0	0	0	0	0	0	0	0
NM_007325	0	0	0	0	0	0	0	0	1	0	0	0
NM_001204401	0	0	0	0	0	0	4	0	1	0	0	0
NM_001167	0	0	0	1	1	0	3	4	1	0	3	2
NR_037916	0	0	0	0	0	0	0	0	0	0	0	0
NM_006603	0	0	0	0	0	0	0	0	0	0	0	0
NM_001042751	0	0	0	0	0	0	0	0	0	0	0	0
NM_001042750	0	0	0	0	0	0	0	0	0	0	0	0
NM_001282418	1	3	5	0	2	1	2	3	3	0	0	0
NM_001042749	52	52	22	16	25	17	44	33	28	30	30	32
NM_003399	51	18	27	43	20	8	36	11	66	32	10	47
NM_001282875	0	0	0	0	0	0	0	0	0	0	0	0
NM_001282874	0	0	0	0	0	0	0	0	0	0	0	0
NM_003069	0	0	0	1	2	0	0	0	0	0	0	1
NR_132647	0	0	0	0	0	0	0	0	0	0	0	0
NM_001281736	0	0	0	0	0	0	0	0	0	0	0	0
NM_182314	0	3	0	0	0	0	2	0	1	1	1	1
NM_006375	0	0	0	0	0	0	0	0	0	0	0	0
NM_145812	0	0	0	0	1	0	0	1	2	1	0	0
NM_001130847	0	0	0	0	0	0	0	0	0	0	0	0
NM_004208	0	0	0	0	0	0	0	0	0	0	0	0
NR_026975	97	112	87	70	97	18	243	52	238	107	12	88
NM_018388	0	0	0	0	0	0	0	0	0	0	0	0
NM_001170701	0	0	0	0	0	0	0	0	0	0	0	0
NM_001170703	0	0	0	0	0	0	1	0	0	0	0	0
NM_001170702	0	0	0	0	0	0	0	0	0	0	0	0
NM_147175	0	0	0	0	0	0	0	0	0	0	0	0
NR_110410	33	54	29	23	19	19	34	28	36	14	32	32
NM_001170704	1	1	1	2	4	3	12	1	4	1	3	6
NM_001077188	0	0	0	0	0	0	0	0	0	0	0	0
NM_133486	2	0	1	0	0	0	3	1	2	0	0	0
NM_004484	0	0	0	0	0	0	0	0	0	0	0	0
NM_001164619	0	0	0	0	0	0	0	0	0	0	0	0
NM_001164618	0	0	0	0	0	0	0	0	0	0	0	0
NM_001164617	0	0	0	0	0	0	0	0	0	0	0	0
NM_000194	2254	3596	2859	2117	2558	1007	2885	3159	4113	2048	2431	2934
NM_021796	1	0	0	0	0	0	0	0	0	0	0	0
NM_001316889	0	0	0	0	0	0	0	0	0	0	0	0
NM_001316888	0	0	0	0	0	0	0	0	0	0	0	0
NM_001316887	0	0	0	0	0	0	0	0	1	0	0	0
NM_001449	0	0	0	0	0	0	0	0	0	0	0	0
NM_001167819	0	0	0	0	0	0	0	0	0	0	0	0
NR_104652	0	0	0	0	0	0	0	0	0	0	0	0
NM_001159704	0	0	0	0	0	0	0	0	0	0	0	0
NM_001159703	0	0	0	0	0	0	0	0	0	0	0	0
NM_001159702	1	7	0	1	0	0	1	0	3	0	1	0
NM_182540	1294	998	1034	549	785	464	1012	769	863	513	1157	763
NM_001159700	0	0	0	0	0	0	0	0	0	0	0	0
NR_027621	0	0	0	0	0	0	0	0	0	0	0	0
NM_004840	91	64	71	19	50	34	67	54	59	51	17	47
NM_001306177	0	0	0	5	6	0	5	1	3	2	3	2
NM_004114	0	0	0	0	0	0	0	0	0	0	0	0
NM_033642	0	0	0	0	0	0	0	0	0	0	0	0
NM_001139498	0	0	0	0	0	0	0	0	0	0	0	0
NM_001139502	0	0	0	0	0	0	0	0	0	0	0	0
NM_001139501	0	0	0	0	0	0	0	0	0	0	0	1
NM_001139500	0	0	0	0	0	0	0	0	0	0	0	0
NM_005369	0	0	0	0	0	0	0	0	0	0	0	0
NM_001171879	0	0	0	0	0	0	0	0	0	0	0	0
NM_001099855	0	0	0	0	0	0	0	0	0	0	0	0
NM_001171876	0	0	0	0	0	0	0	0	0	0	0	0
NM_001171878	0	0	0	0	0	0	0	0	0	0	0	0
NM_001171877	0	0	0	0	0	0	0	0	0	0	0	0
NR_104228	0	0	0	3	0	0	0	0	0	0	0	0
NM_134446	0	0	0	0	0	0	0	0	0	0	0	0
NM_134445	0	0	0	0	0	0	0	0	0	0	0	0
NM_001306145	4	8	5	6	8	1	13	7	18	5	3	4
NM_005491	0	0	0	0	0	0	0	0	0	0	0	0
NM_001177466	0	0	0	0	0	0	0	0	0	0	0	0
NM_001177465	0	0	0	0	0	0	0	0	0	0	0	0
NM_001184808	0	0	0	0	0	0	0	0	0	0	0	0
NM_031462	0	0	0	0	0	0	0	0	0	0	0	0
NM_000252	300	177	282	109	191	151	236	260	158	180	159	136
NM_001306144	752	788	884	574	684	336	960	700	906	476	702	630
NM_001242614	0	0	0	0	0	0	0	0	1	0	0	0
NM_003828	0	1	1	0	1	0	3	2	2	0	0	1
NM_173493	0	0	0	0	0	0	0	1	0	0	0	0
NM_001178106	0	0	0	0	0	0	0	0	0	0	0	0
NM_000808	0	0	0	0	0	0	0	0	0	0	0	0
NM_004344	495	557	527	427	506	224	620	557	711	414	544	479
NM_007150	0	0	0	0	0	0	0	0	0	0	0	0
NM_001178113	12	0	2	0	0	1	0	1	0	0	1	0
NM_001178108	0	0	0	0	0	0	0	0	0	0	0	0
NM_001178107	0	0	0	0	0	0	0	0	0	0	0	0
NM_001178115	0	0	0	1	1	0	0	1	1	0	0	2
NM_001178110	0	0	0	0	0	0	0	0	0	0	0	0
NM_001178109	0	0	0	0	0	0	0	0	0	0	0	0
NM_005362	0	0	0	0	0	0	0	0	0	0	1	0
NM_001278116	0	0	0	0	0	0	1	0	0	0	0	1
NR_073156	22	26	30	27	18	7	19	25	12	12	19	19
NM_001303620	0	0	0	0	0	0	0	0	0	0	0	0
NM_001586	0	0	0	0	0	0	0	0	0	0	0	0
NM_002436	0	0	0	0	0	0	0	0	0	0	0	0
NM_006730	21	8	20	3	7	4	20	9	19	6	9	11
NM_000513	0	0	0	0	0	0	0	0	0	0	0	0
NM_001205201	0	0	0	0	0	0	0	0	0	0	0	0
NM_000402	0	0	0	3	0	0	4	6	4	0	1	4
NM_000132	10	8	9	6	10	12	24	8	27	13	1	4
NM_001166462	0	0	2	0	1	0	0	1	1	2	0	0
NM_001166461	0	0	0	0	0	0	0	0	0	0	0	0
NM_001166460	0	0	0	0	0	0	0	0	0	0	0	0
NM_001042351	1	1	1	6	5	0	7	3	3	0	4	0
NM_001009934	0	0	0	0	0	0	0	0	0	0	0	0
NM_001009932	31	16	10	14	9	10	18	15	26	9	32	12
NM_001009933	0	0	0	0	0	0	0	0	0	0	0	0
NM_001304990	2	0	2	1	1	1	1	1	1	0	1	1
NM_001184797	0	0	1	1	0	0	0	1	2	1	0	2
NM_018196	44	42	28	22	13	13	22	17	26	23	21	30
NM_001289	214	179	127	690	580	150	504	209	1219	306	494	335
NM_012227	1215	749	1396	1047	1520	342	1706	1264	1886	582	1230	1470
NM_018390	2335	1601	1877	871	437	1209	1713	451	970	537	832	1408
NM_013239	212	154	198	262	166	75	245	55	295	93	83	228
NR_028057	0	0	0	0	0	0	0	0	0	0	0	0
NR_027231	0	0	0	0	0	0	0	0	0	0	0	0
NR_027232	7	4	3	2	3	1	3	5	6	1	4	5
NM_000451	0	0	0	0	0	0	0	0	0	0	0	0
NM_172246	0	0	0	0	0	0	0	0	0	0	0	0
NM_172245	0	0	0	0	0	0	0	0	0	0	0	0
NM_006140	0	0	0	0	0	0	0	0	0	0	0	0
NM_001161529	0	1	0	0	0	0	0	0	0	0	0	1
NM_001161530	0	0	0	0	0	0	0	0	0	0	0	0
NM_001161532	0	0	0	0	0	0	0	0	0	0	0	0
NM_001161531	1	0	0	0	0	0	0	0	0	0	0	0
NR_110830	0	0	0	0	0	0	1	0	0	0	0	0
NM_172249	0	0	0	0	0	0	0	0	0	0	0	0
NR_037461	0	0	0	0	0	0	0	0	0	0	0	0
NM_001012288	0	0	0	0	0	0	0	0	0	0	0	0
NR_027760	0	0	0	0	0	0	0	0	0	0	0	0
NM_172247	0	0	0	0	0	0	0	0	0	0	0	0
NM_022148	0	0	0	0	0	0	0	0	0	0	0	0
NR_026711	47	41	23	30	26	1	53	13	33	2	22	7
NM_002183	140	126	27	35	72	43	55	57	102	33	96	99
NM_001267713	0	0	0	0	0	0	0	0	0	0	0	0
NR_026710	29	34	44	10	13	7	18	12	21	8	7	9
NR_130733	45	34	26	8	18	5	39	13	33	7	13	11
NM_001636	22956	15236	25858	22862	18141	9146	20789	19254	23690	11989	21834	26735
NM_178129	5863	4065	5573	2822	3670	1963	3733	3442	3332	2179	3990	3661
NR_027383	30	33	25	18	16	12	42	21	33	11	37	41
NM_004043	0	0	0	0	0	0	0	0	0	0	0	0
NM_001171039	0	0	0	0	0	0	0	0	0	0	0	0
NM_001171038	0	0	0	0	0	0	0	0	0	0	0	1
NM_005088	0	0	0	0	0	0	0	0	0	0	0	0
NR_037842	4	5	0	1	1	0	5	0	1	0	0	3
NR_106737	0	0	0	0	0	0	0	0	0	0	0	0
NM_002414	0	0	0	0	0	0	0	0	0	0	0	0
NM_001122898	0	0	0	0	0	0	0	0	0	0	0	0
NM_001277710	7	2	3	1	1	0	2	1	0	1	5	2
NM_003918	0	0	0	0	0	0	0	0	0	0	0	0
NM_001079855	0	0	0	0	0	0	0	0	0	0	0	0
NM_001184702	0	0	0	0	0	0	0	0	0	0	0	0
NM_001184704	0	0	0	0	0	0	0	0	0	0	0	0
NM_001184703	0	0	0	0	0	0	0	0	0	0	0	0
NM_001282631	0	0	0	0	0	0	0	0	1	0	0	1
NM_001282628	0	0	0	0	0	0	0	0	0	0	0	0
NM_001669	324	176	243	80	158	37	282	129	212	177	297	146
NM_000047	0	0	0	0	0	0	0	0	0	0	0	0
NM_004042	0	0	0	0	0	0	0	0	0	0	0	0
NM_001201539	0	0	0	0	0	0	0	0	0	0	0	0
NM_001201538	0	0	0	0	0	0	0	0	0	0	0	0
NM_015419	0	0	0	0	0	0	0	0	0	0	0	0
NR_046643	1	0	0	0	1	0	4	0	0	1	0	0
NR_034031	213	122	275	224	166	108	321	143	202	158	113	191
NR_110390	0	0	0	0	0	0	0	0	0	0	0	0
NR_039927	0	0	0	0	0	0	0	0	0	0	0	0
NM_016379	0	0	0	0	0	0	0	0	0	0	0	0
NR_039924	0	0	0	4	2	0	6	2	1	0	1	0
NM_013452	0	2	0	0	0	1	2	0	0	0	0	0
NM_004650	17	13	23	17	9	10	36	13	16	10	15	20
NM_001172672	0	0	0	0	0	0	0	0	0	0	0	0
NM_001142389	0	0	0	0	0	0	0	0	0	0	0	0
NM_016378	0	0	1	0	0	1	0	0	0	0	0	0
NR_030380	0	0	0	0	0	0	0	0	0	0	0	0
NM_001001888	0	0	0	1	0	0	1	0	0	0	0	1
NM_174951	0	0	0	0	0	0	0	0	0	0	0	0
NM_001171186	0	0	0	0	0	0	0	0	0	0	0	0
NM_205849	0	0	0	0	0	0	0	0	0	0	0	0
NM_000273	2	0	0	0	0	0	1	1	0	1	0	0
NM_001195081	0	0	0	0	0	0	0	0	0	0	0	0
NM_001193281	0	0	0	0	0	0	0	0	0	0	0	0
NM_001171991	0	0	0	0	0	0	0	0	0	0	0	0
NM_001122608	0	0	0	0	0	0	0	0	0	0	0	0
NM_005333	1	0	0	0	1	0	0	0	1	0	0	0
NR_049865	0	0	0	0	0	0	0	0	0	0	0	0
NM_182681	0	0	0	0	0	0	0	0	0	0	0	0
NM_182680	1	0	0	0	0	0	1	0	0	0	0	0
NM_001142	0	0	0	0	0	0	0	0	0	0	0	0
NM_078629	0	0	0	0	0	0	0	0	0	0	0	0
NM_078628	384	747	856	624	455	187	1059	473	902	785	837	667
NM_001282174	0	0	0	0	0	0	0	0	0	0	0	0
NM_001193270	2	4	4	0	1	0	3	2	5	1	5	5
NM_006800	14	29	18	13	17	6	27	12	28	29	21	17
NM_002765	0	0	0	0	0	0	0	0	0	0	0	0
NM_001039091	0	0	0	0	0	0	0	0	0	0	0	1
NM_016610	0	0	0	0	0	0	0	0	0	0	0	0
NM_016562	2800	1604	2051	1218	2147	1417	2482	2805	3279	2166	2006	1469
NM_138636	0	0	0	0	0	0	0	0	0	0	0	0
NR_030727	3	2	0	0	2	2	1	0	0	0	0	0
NM_174901	2	2	4	2	2	2	2	2	5	2	3	1
NR_045260	1	0	1	0	0	0	0	0	0	0	1	1
NR_046087	2	0	0	0	0	0	0	0	0	0	0	0
NM_001135995	0	0	0	0	0	0	0	0	0	0	1	1
NR_106734	0	0	0	0	0	0	0	0	0	0	0	0
NM_004251	34	37	35	16	28	10	36	17	54	23	24	29
NM_001011658	1	0	0	0	0	0	0	0	0	0	0	0
NM_001128835	0	0	0	0	0	0	0	0	0	0	0	0
NM_001195328	0	0	0	0	0	0	0	0	0	0	0	0
NM_014563	0	0	0	0	0	0	0	0	0	0	0	0
NM_152634	0	0	0	2	0	0	2	1	0	1	1	0
NM_001297564	0	0	0	0	0	0	0	0	0	0	0	0
NM_001297563	2	3	5	2	2	0	2	3	4	1	2	1
NM_001001996	0	0	0	0	0	0	0	0	0	0	0	0
NM_005278	0	0	0	0	0	0	0	0	0	0	0	0
NM_001001995	30	33	18	14	30	8	72	22	47	21	15	17
NR_110506	217	218	203	130	134	54	207	134	195	118	191	171
NM_001177475	0	0	0	0	0	0	0	0	0	0	0	0
NM_152581	31	27	21	8	9	7	17	16	30	17	14	18
NM_001018113	8	16	16	7	9	1	15	11	14	7	4	12
NM_152633	0	0	0	0	0	0	0	0	0	0	0	0
NM_001031739	0	0	0	0	0	0	0	0	0	0	0	0
NM_080873	0	0	0	0	0	0	0	0	0	0	0	0
NM_001201583	0	0	0	0	0	0	0	0	0	0	0	0
NM_024087	0	0	0	0	0	0	0	0	0	0	0	0
NM_001168531	0	0	0	0	0	0	0	0	0	0	0	0
NM_001168530	0	0	0	0	0	0	0	0	0	0	0	0
NM_001012428	0	0	0	0	0	0	0	0	0	0	0	0
NM_004469	0	0	0	1	0	0	0	1	1	0	0	0
NM_001721	0	0	0	0	0	0	0	0	0	0	0	0
NM_203281	0	0	0	0	0	0	0	0	0	0	0	0
NM_020665	7	3	8	2	6	9	5	8	6	0	3	11
NR_026551	160	129	266	126	124	112	251	97	160	131	185	139
NR_126564	0	0	0	0	0	0	0	0	0	0	0	0
NM_001272071	4	10	0	2	5	3	7	2	8	3	1	2
NM_005089	386	444	775	472	477	256	909	354	425	456	400	488
NR_002725	0	0	0	0	0	0	0	0	0	0	0	0
NM_003916	0	0	0	0	0	0	0	0	0	0	0	0
NM_007220	115	149	142	70	55	50	107	83	74	72	108	98
NM_005314	94	51	28	6	17	26	52	20	24	92	36	13
NM_001277307	2	1	2	1	1	1	2	1	2	6	3	0
NR_039762	1	0	0	0	0	1	0	0	0	0	0	0
NM_004057	0	0	0	0	0	0	0	0	0	0	0	0
NM_032796	0	0	0	0	0	1	0	0	0	0	0	0
NR_033181	0	0	0	0	0	0	0	0	0	0	0	0
NM_018360	67	108	109	45	72	52	141	84	114	83	71	97
NM_001198719	15	14	14	22	26	7	16	21	29	7	15	25
NM_002893	264	165	197	285	391	97	536	472	458	145	310	426
NM_001168683	0	0	0	0	0	0	0	0	0	0	0	0
NR_039925	0	0	0	0	0	0	0	0	0	0	0	0
NR_046632	0	0	0	0	0	0	0	0	0	0	0	0
NM_001037535	0	0	0	0	0	0	0	0	0	0	0	0
NM_006746	0	0	0	0	0	0	0	0	0	0	0	0
NM_001037536	0	0	0	0	0	0	0	0	0	0	0	0
NM_001037540	6	10	14	4	4	0	12	3	19	3	0	4
NM_000330	0	0	1	1	1	1	0	0	1	0	2	5
NR_046642	0	0	0	0	0	0	0	0	0	0	0	0
NR_029379	15	9	13	8	9	0	16	5	21	10	8	5
NM_000292	909	933	1256	552	586	447	1009	609	996	582	716	822
NM_000284	0	0	0	0	0	0	0	0	0	0	0	0
NM_001173454	10	0	3	2	3	0	4	7	6	3	0	0
NM_001173456	0	0	0	0	0	0	0	0	0	0	0	0
NM_001173455	0	0	0	0	0	0	0	0	0	0	0	0
NR_037414	0	3	0	0	1	0	0	0	3	0	2	0
NR_024440	1	0	1	1	0	0	0	0	0	0	0	0
NR_023358	0	2	2	4	2	0	6	2	4	14	0	2
NM_001412	2371	3402	4206	3664	3357	1783	5461	3624	4015	3452	2900	3913
NR_046592	1	1	0	0	1	0	3	1	2	1	1	0
NM_153270	0	12	0	0	2	0	7	5	23	2	28	3
NM_206923	71	60	45	36	53	25	88	42	97	25	72	38
NM_015884	630	833	566	323	418	291	610	475	738	421	592	557
NM_001258423	0	0	0	0	0	0	0	0	0	0	0	0
NM_004595	363	439	443	355	320	165	604	318	432	240	275	287
NR_046639	0	0	0	0	0	0	0	0	0	0	0	0
NM_152577	0	0	0	0	0	0	0	0	0	0	0	0
NM_182699	0	0	0	0	0	0	0	0	0	0	0	0
NM_173495	0	0	0	0	0	0	0	0	0	0	0	1
NM_006406	1169	1208	1605	1292	1254	405	1237	1745	1343	1010	1986	1258
NM_002970	0	0	0	0	0	0	0	0	0	0	0	0
NR_027783	93	91	97	52	107	22	106	93	127	50	133	62
NM_152761	0	0	0	0	0	0	0	0	0	0	0	0
NM_001169574	0	0	0	0	0	0	0	0	0	0	0	0
NM_001415	9596	11667	16146	11934	9396	6579	14587	8584	13667	9911	8468	12194
NM_003410	0	0	0	0	0	0	0	0	0	0	0	0
NM_001178085	6	8	3	3	3	1	7	2	5	10	5	5
NM_001178084	0	0	0	0	0	0	0	0	0	0	0	0
NM_001178095	0	0	0	0	0	0	0	0	0	0	0	0
NM_001178086	0	0	0	0	0	0	0	0	0	0	0	0
NR_046657	1	1	5	1	2	3	4	1	1	1	1	7
NM_001136234	0	0	0	0	0	0	0	0	0	0	0	0
NM_001136233	0	0	0	0	0	0	0	0	0	0	0	0
NR_003007	0	0	0	0	0	0	2	0	0	0	0	1
NR_046638	0	0	0	0	0	0	0	0	0	0	0	0
NM_139058	1	1	3	1	2	0	1	1	1	0	1	2
NM_173523	0	0	0	0	0	0	0	0	0	0	0	0
NM_173699	0	0	0	0	0	0	0	0	0	0	0	0
NM_001271752	0	0	0	0	0	0	0	0	0	0	0	0
NR_001559	0	0	0	0	0	0	0	0	0	0	0	0
NR_002784	0	0	0	0	0	0	1	0	0	0	0	0
NM_001136533	0	0	0	0	0	0	0	0	0	0	0	0
NM_182506	0	0	0	0	0	0	0	0	0	0	0	0
NM_001017930	0	0	0	0	0	0	0	0	0	0	0	0
NR_106750	0	0	0	0	0	0	0	0	0	0	0	0
NR_049877	0	0	0	0	0	0	0	0	0	0	0	0
NM_002364	0	0	0	0	0	0	0	0	0	0	0	0
NM_002363	0	0	0	0	0	0	0	0	0	0	0	0
NM_177415	0	0	0	0	0	0	0	0	0	0	0	0
NM_177404	0	0	0	0	0	0	0	0	0	0	0	0
NM_002365	0	0	0	0	0	1	0	0	0	0	0	0
NM_002367	1	1	0	1	1	0	0	0	1	0	0	0
NM_000475	0	1	0	0	1	0	0	1	0	0	0	0
NM_025159	1378	1476	2606	550	1242	623	2068	1341	1023	1591	1247	1133
NM_152787	1310	1464	902	542	887	458	1359	896	1470	816	1121	1029
NM_031894	0	0	0	0	0	0	0	0	0	0	0	0
NR_037478	0	0	0	0	0	0	0	0	0	0	0	0
NR_031646	0	0	0	0	0	0	0	0	0	0	0	0
NM_203408	0	0	0	0	0	0	0	0	0	0	0	0
NM_031442	0	0	0	0	0	0	0	0	0	0	0	0
NM_152631	0	0	0	0	0	0	0	0	0	0	0	0
NM_001099921	0	0	0	0	0	0	0	0	0	0	0	0
NM_152632	0	0	0	0	0	0	0	0	0	0	0	0
NM_001271682	0	0	0	0	0	0	0	0	0	0	0	0
NM_001013736	0	0	0	0	0	0	0	0	0	0	0	0
NM_021083	0	2	1	0	2	1	2	1	1	2	7	1
NM_000397	3762	3493	4953	1442	3279	1871	4068	2647	3785	2491	2632	2473
NM_006520	389	663	322	376	505	134	495	496	681	331	529	414
NM_012274	0	0	0	0	0	0	0	0	0	0	0	0
NR_039674	0	0	0	0	0	0	0	0	0	0	0	0
NM_001163334	0	0	0	0	0	0	0	0	0	0	0	0
NM_001170752	0	0	0	0	0	0	0	0	0	0	0	0
NM_001170751	0	0	0	0	0	0	0	0	0	0	0	0
NM_001170750	0	0	0	0	0	0	0	0	0	0	0	0
NM_006307	0	0	0	0	0	0	0	0	0	0	0	0
NM_001034853	8	2	2	1	4	4	11	3	10	1	5	5
NM_021242	267	191	284	174	197	75	317	193	274	148	139	155
NM_001098791	0	0	0	0	0	0	0	0	0	0	0	0
NM_001098790	0	0	0	0	0	0	0	0	0	0	0	0
NR_046706	32	40	40	7	16	9	32	15	32	16	19	17
NR_110385	0	0	0	0	1	0	0	0	0	0	0	0
NR_037501	0	0	0	0	0	0	0	0	0	0	0	0
NR_039763	0	0	0	0	0	0	0	0	0	0	2	0
NM_017745	0	0	0	0	0	0	0	0	0	0	0	0
NM_001123385	3	6	5	2	3	2	6	3	2	3	5	9
NR_110386	1	1	3	0	0	0	2	1	0	1	1	1
NM_005765	3107	2607	2092	1487	2235	979	1956	2185	2907	1386	2623	1957
NM_001195522	1	0	0	0	0	0	0	0	0	0	0	0
NM_004229	3143	3236	2895	1686	2152	1419	4317	2119	4013	2605	1921	2650
NM_001289773	20	31	19	14	20	6	32	18	31	9	7	26
NR_027761	1	1	1	1	0	1	2	1	3	1	1	3
NM_001356	0	0	0	0	0	0	0	0	0	0	0	0
NR_106988	0	0	0	0	0	0	0	0	0	0	0	0
NM_001193417	0	0	0	0	0	0	0	0	0	0	0	0
NM_001193416	0	0	0	0	0	0	0	0	0	0	0	0
NR_126094	40	48	55	22	9	26	71	4	42	18	39	32
NR_126093	0	0	0	0	0	0	0	0	0	0	0	0
NM_022567	0	1	11	1	3	1	0	1	2	1	1	2
NM_005300	0	0	0	0	0	0	0	0	0	0	0	0
NM_001097579	0	0	0	0	0	1	0	1	0	1	0	0
NM_080817	100	23	56	16	66	24	63	42	77	18	15	8
NR_002191	0	0	0	0	0	0	0	0	0	0	0	0
NR_110387	1	0	4	1	3	0	3	4	4	1	0	1
NM_001270458	0	0	0	0	0	0	0	0	0	0	0	0
NM_000240	0	0	0	0	0	0	0	0	0	0	0	0
NM_000266	0	0	0	0	0	0	0	0	0	0	0	0
NM_173794	372	476	488	280	334	153	450	401	520	319	344	467
NM_022076	0	0	0	0	0	0	0	0	0	0	0	0
NM_024689	0	0	0	0	0	0	0	0	0	0	0	0
NM_176819	2	0	0	0	0	0	1	0	0	0	0	0
NR_104644	0	0	0	0	0	0	0	0	1	0	0	1
NR_104645	0	0	0	0	0	0	0	0	0	0	0	0
NR_102268	0	0	0	0	0	0	0	0	0	0	0	0
NR_029636	2	3	0	1	0	1	1	0	0	0	0	1
NR_125365	0	0	0	0	0	0	0	1	0	0	0	0
NR_029635	8	13	7	1	5	2	17	2	11	4	3	5
NR_110388	0	0	0	0	0	0	0	0	0	0	0	0
NM_001129900	0	0	0	0	0	0	0	0	0	0	0	0
NM_017776	0	0	0	0	0	0	0	0	0	0	0	0
NM_001129899	0	0	0	0	0	0	0	0	0	0	0	0
NM_001129898	0	0	0	0	0	0	0	0	0	0	0	0
NR_015378	75	103	107	46	62	46	100	66	93	40	79	84
NM_019886	201	140	195	177	274	90	368	297	258	118	243	330
NM_006915	637	577	503	234	387	269	467	510	686	305	354	462
NR_046101	4	2	0	0	1	1	1	0	0	0	1	1
NM_001282849	0	0	0	0	0	0	0	0	0	0	0	0
NM_001282848	0	0	0	0	0	0	0	0	0	0	0	0
NM_152869	0	0	0	0	0	0	0	0	0	0	0	0
NM_001135998	0	0	0	0	0	0	0	0	0	0	0	0
NM_019056	0	0	1	0	0	0	1	0	1	0	0	1
NM_004683	0	0	0	0	0	0	0	0	0	0	0	0
NM_003334	25	10	17	87	86	13	148	74	89	24	83	108
NM_004651	2333	2007	2819	1440	1709	990	2443	1480	2033	1625	1539	1469
NM_033018	14	16	21	20	19	9	28	13	38	14	20	19
NM_001170460	4	7	10	1	3	0	5	2	4	2	6	2
NR_024616	33	41	39	9	18	16	48	10	38	20	37	18
NM_006201	0	0	3	26	62	1	113	54	23	0	13	82
NM_153280	82	42	49	45	48	22	69	52	84	30	51	57
NM_003446	1	1	4	1	1	2	2	4	3	0	1	6
NR_003710	0	0	0	0	0	0	0	0	0	0	0	0
NM_001256197	20	28	25	12	19	4	24	13	24	22	27	19
NM_001654	0	0	0	0	0	0	0	0	0	0	0	0
NM_001256196	0	1	0	0	2	0	2	0	0	0	0	0
NR_126059	68	93	73	21	67	47	92	48	85	52	49	83
NM_001145252	0	0	2	1	2	0	0	0	2	0	0	0
NM_004182	0	0	0	0	0	0	0	0	0	0	0	0
NM_001114123	0	0	0	0	0	0	0	0	0	0	0	0
NM_003254	3115	1290	1582	1080	1363	867	1539	812	2425	809	864	1623
NM_153477	0	0	0	0	0	0	0	0	0	0	0	0
NR_045559	0	0	0	0	0	0	0	0	0	0	0	0
NR_045560	8	6	5	3	1	1	8	3	4	1	2	3
NR_039926	0	0	0	0	0	0	0	0	0	0	0	0
NM_002621	1	1	3	5	1	0	4	1	6	3	0	4
NM_001257168	0	0	0	0	0	0	0	0	0	0	0	0
NR_028119	6	1	3	4	3	1	3	3	1	4	0	4
NM_005229	0	0	0	0	0	0	0	0	0	0	0	0
NM_001037735	0	0	0	0	0	0	1	0	0	0	1	0
NM_001282202	0	0	0	0	0	0	0	0	0	0	0	0
NM_001282201	0	0	0	0	0	0	0	0	0	0	0	0
NM_001079900	0	0	0	0	0	0	0	0	0	0	0	0
NM_001190255	0	0	0	0	0	0	0	0	0	0	0	0
NM_006962	0	0	0	0	0	0	0	0	0	0	0	0
NM_001178099	0	0	0	0	0	0	0	0	0	0	0	0
NM_205856	0	0	1	0	0	0	0	0	0	0	0	0
NR_046742	0	2	0	0	1	1	1	0	0	1	0	0
NM_001007088	0	0	0	0	0	0	0	0	0	0	0	0
NR_028366	0	0	0	0	0	0	0	0	0	0	0	0
NM_175723	0	0	0	0	0	0	0	0	0	0	0	0
NM_021015	0	0	0	0	0	0	0	0	0	0	0	0
NM_005635	0	0	0	0	0	0	0	0	0	0	0	0
NR_073393	0	0	0	0	0	0	0	0	0	0	0	0
NM_001278691	0	0	0	0	0	0	0	0	0	0	0	0
NM_021014	0	0	0	0	0	1	0	0	0	0	0	0
NM_012280	0	0	0	0	0	0	0	0	0	0	0	0
NM_005636	0	0	0	0	0	0	0	0	0	0	0	0
NM_177439	1	1	0	0	3	1	4	0	2	0	0	2
NM_175729	0	0	0	0	0	0	0	0	0	0	0	0
NM_001282157	0	0	0	0	0	0	0	0	0	0	0	0
NM_033518	1515	1210	2337	1625	1537	859	1991	1432	1992	830	1562	1348
NM_001040612	0	0	0	0	0	0	0	0	0	0	0	0
NM_001034832	0	0	0	0	0	0	0	0	0	0	0	0
NM_002536	1144	806	992	500	506	417	648	502	602	403	620	651
NR_029427	0	0	0	0	0	0	0	0	0	0	0	0
NM_001282167	32	18	25	15	17	9	25	16	20	12	14	32
NM_006579	2686	2037	3155	1456	1505	1363	1485	1615	1918	1165	1727	1850
NM_017883	0	0	0	0	0	0	0	0	0	0	0	0
NM_006743	10303	16634	10512	7740	6944	3215	8108	9571	10421	6413	9100	10650
NM_001166426	40	23	60	13	19	17	64	22	69	17	33	28
NM_022825	0	0	0	0	0	0	0	0	0	0	0	0
NM_203473	0	0	0	0	0	0	0	0	0	0	0	0
NM_203474	0	0	0	0	0	0	0	0	0	0	0	0
NM_203475	0	0	0	0	0	0	0	0	0	0	0	0
NM_001282166	0	0	0	0	0	0	0	0	0	0	0	0
NM_003173	0	0	1	2	1	1	3	4	1	1	0	0
NM_000377	3071	2396	3924	2115	2341	1507	3153	1608	2713	1831	2319	2300
NM_006044	1568	1358	1853	902	1121	642	1748	1068	1796	1028	1322	1260
NM_013271	0	0	0	4	2	0	2	1	0	0	2	2
NM_181532	1	0	1	0	0	0	0	0	0	0	0	0
NM_001080489	0	0	0	0	0	0	0	0	0	0	0	0
NM_002049	2	2	1	0	1	0	2	0	3	0	0	0
NM_001167992	0	0	0	0	0	0	0	0	0	0	0	0
NM_001167989	0	0	0	0	0	0	0	1	0	0	0	0
NM_001167990	0	0	0	0	0	0	0	0	0	0	0	0
NM_144495	0	0	0	0	0	0	0	0	0	0	0	0
NM_005710	7	2	3	3	5	1	4	1	4	1	2	2
NM_005834	0	0	0	0	0	0	0	0	0	0	0	0
NM_001167947	21	32	36	21	16	7	16	16	13	17	15	23
NM_001136159	64	35	65	22	29	21	30	34	25	26	44	26
NM_001136158	0	0	0	0	0	0	0	0	0	0	0	0
NM_001042498	0	0	0	0	0	0	0	0	0	0	0	0
NM_004979	80	72	67	29	33	34	50	39	40	21	39	44
NM_001136157	0	0	0	0	0	0	0	0	0	0	0	0
NM_001282650	0	0	0	0	0	0	0	0	1	0	0	0
NM_001282649	0	0	0	0	0	0	0	0	0	0	0	0
NM_001282648	0	0	0	0	0	0	0	0	0	0	0	0
NM_001282647	0	0	0	0	0	0	0	0	0	0	0	0
NM_001032382	0	0	0	0	0	0	0	0	0	0	0	0
NM_001032384	0	0	0	0	0	0	0	0	0	0	0	0
NM_001032383	0	0	1	0	0	1	0	0	0	0	0	0
NM_001282651	1	1	2	0	0	2	0	0	1	0	0	2
NM_006875	3494	4480	6678	9342	4514	2147	3633	3989	5416	3147	6423	4577
NM_005660	0	0	0	0	0	0	0	0	0	0	0	0
NM_001032289	0	0	0	0	0	0	0	0	0	0	0	0
NM_017602	0	2	1	1	0	0	2	0	0	0	1	0
NM_001032381	0	0	0	0	0	0	0	0	0	0	0	0
NM_020137	2580	1674	2267	1263	1634	827	2038	1359	2209	1213	1793	1459
NM_007075	3	4	5	5	4	0	7	4	10	0	0	3
NM_001163322	0	0	0	0	0	0	0	0	0	0	0	0
NM_001163321	0	0	0	0	0	0	0	0	0	0	0	0
NM_001029896	3	1	5	15	15	2	12	15	16	2	23	17
NM_001282142	0	0	0	0	0	0	0	0	0	0	0	0
NM_006521	0	0	0	0	0	0	1	1	0	1	0	0
NM_007213	203	231	343	269	177	130	327	127	169	125	204	148
NM_015698	838	771	881	556	638	306	775	630	1106	449	602	634
NM_001163323	0	0	0	0	0	0	0	0	0	0	0	0
NM_001271836	1	0	0	4	8	0	9	2	0	0	8	4
NM_001271835	0	0	0	0	0	0	0	0	0	0	0	0
NM_033626	0	0	0	0	0	0	0	0	0	0	0	0
NM_003179	24	18	63	15	26	18	20	17	34	12	18	22
NM_001114377	0	0	0	0	0	0	0	0	0	0	0	0
NM_001256790	0	0	0	0	0	0	0	0	0	0	0	0
NM_001256789	0	0	0	0	0	0	0	0	0	0	0	0
NM_001307979	1	0	0	0	1	1	1	0	1	0	0	1
NM_006150	0	0	0	8	15	0	11	8	5	1	9	11
NM_002668	2028	1520	2320	937	1157	754	1778	1425	1432	1092	1752	1741
NM_024859	5	5	3	1	1	1	3	0	5	3	0	5
NM_005183	0	0	0	0	0	0	0	0	0	0	0	0
NM_001099682	0	0	0	0	0	0	0	0	0	0	0	0
NM_014008	892	698	1166	618	679	401	805	563	888	451	603	841
NM_014009	0	0	0	0	0	0	0	0	0	0	0	0
NM_001099681	0	0	0	0	0	0	0	0	0	0	0	0
NR_046649	1	0	1	0	0	0	0	0	0	0	0	0
NM_001127200	0	0	0	0	0	0	0	0	0	0	0	0
NM_012196	0	0	0	0	0	0	0	0	0	0	0	0
NM_001098406	0	0	0	0	0	0	0	0	0	0	0	0
NM_001098413	1	0	0	0	0	0	0	0	0	0	0	0
NM_001098407	0	0	0	0	0	0	0	0	0	0	0	0
NM_001098412	0	0	0	0	0	0	0	0	0	0	0	0
NR_102272	0	0	0	0	0	0	0	0	0	0	0	0
NM_001098411	0	0	0	0	0	0	0	0	0	0	0	0
NM_001040663	0	0	0	0	0	0	0	0	0	0	0	0
NM_001472	0	0	0	0	0	0	0	0	0	0	0	0
NM_001127212	0	0	0	0	0	0	0	0	0	0	0	0
NM_003785	0	0	0	0	0	0	0	0	0	0	0	0
NR_026742	40	24	42	16	26	8	26	19	35	15	24	41
NM_007003	0	0	0	0	1	0	0	0	0	0	0	0
NM_001145073	87	83	71	22	46	32	88	52	55	44	61	60
NR_029708	0	0	0	0	0	0	0	0	0	0	0	0
NR_030241	0	0	0	0	0	0	0	0	0	0	0	0
NR_030226	0	0	0	0	0	0	0	0	0	0	0	0
NR_030225	0	0	0	0	0	0	0	0	0	0	0	0
NR_030224	0	0	0	0	0	0	0	0	0	0	0	0
NR_036257	0	0	0	0	0	0	0	0	0	0	0	0
NR_029850	0	0	0	0	0	0	0	0	0	0	0	0
NR_030397	0	0	0	0	0	0	0	0	0	0	0	0
NM_139289	0	0	0	0	0	0	0	0	0	0	0	0
NM_005448	0	0	0	0	0	0	0	0	0	0	0	0
NM_153183	0	0	0	0	0	0	0	0	0	0	0	0
NM_001304963	0	0	0	0	0	0	0	0	0	0	0	0
NM_203407	0	0	0	0	0	0	0	0	0	0	0	0
NR_110654	0	0	0	0	0	0	0	0	0	0	0	0
NM_018159	0	0	1	1	1	0	0	2	0	0	1	0
NM_018094	656	570	661	414	550	279	581	485	664	404	671	482
NR_033773	0	0	0	0	0	0	0	0	0	0	0	0
NR_033772	0	0	0	0	0	0	0	0	0	0	0	0
NM_006986	0	0	0	0	0	0	0	0	0	0	0	0
NM_001005333	3	2	1	2	2	0	3	0	2	0	1	0
NM_001005332	9	5	3	3	4	2	1	2	7	1	0	1
NM_001242362	0	0	0	0	0	0	0	0	0	0	0	0
NM_177537	0	0	0	0	0	0	0	0	0	0	0	0
NM_177535	0	0	0	0	0	0	0	0	0	0	0	0
NM_001272062	0	0	0	0	0	0	0	0	0	0	0	0
NR_003711	0	0	0	0	0	0	0	0	0	0	0	0
NR_102368	0	0	0	0	0	0	0	0	0	0	0	0
NM_001272063	0	0	0	0	0	0	0	0	0	0	0	0
NM_001272061	0	0	0	0	0	0	0	0	0	0	0	0
NM_030801	0	0	0	0	0	0	0	0	0	0	0	0
NM_001098800	0	0	0	0	0	0	0	0	0	0	0	0
NR_107055	0	0	0	0	0	0	0	0	0	0	0	0
NM_130777	0	0	0	0	0	0	0	0	0	0	0	0
NM_001097594	0	0	0	0	0	0	0	0	0	0	0	0
NR_033254	0	0	0	0	0	0	0	0	0	0	0	0
NM_001097605	0	0	0	0	0	0	0	0	0	0	0	0
NM_001097604	0	0	0	0	0	0	0	0	0	0	0	0
NR_033257	0	0	0	0	0	0	0	0	0	0	0	0
NM_001097596	0	0	0	0	0	0	0	0	0	0	0	0
NM_173358	0	0	0	0	0	0	0	0	0	0	0	0
NR_027250	0	0	0	0	0	0	0	0	0	0	0	0
NM_001164417	0	0	0	0	0	0	0	0	0	0	0	0
NM_001009616	0	0	0	0	0	0	0	0	0	0	0	0
NM_001278697	0	0	0	0	0	0	0	0	0	0	0	0
NM_175698	0	0	0	0	0	0	0	0	0	0	0	0
NM_130775	0	0	0	0	0	0	0	0	0	0	0	0
NM_003147	0	0	0	0	0	0	0	0	0	0	0	0
NM_001278702	0	0	0	0	0	0	0	0	0	0	0	0
NM_001278701	0	0	0	0	0	0	0	0	0	0	0	0
NM_133179	0	0	0	0	0	0	0	0	0	0	0	0
NM_130776	0	0	0	0	0	0	0	0	0	0	0	0
NM_018969	0	3	1	0	3	0	2	0	0	0	1	3
NR_106955	0	0	1	0	0	1	0	0	1	0	0	0
NR_106954	1	0	0	0	0	0	0	0	1	0	0	0
NR_110456	64	50	58	28	44	18	77	26	56	42	33	58
NM_001243197	2	11	2	1	1	0	1	1	3	1	0	1
NM_001111125	0	0	0	1	0	0	0	0	1	0	0	0
NM_015075	0	0	0	0	0	0	0	0	0	0	0	0
NM_001031745	0	0	0	0	0	0	0	0	0	0	0	1
NM_006306	0	0	0	0	0	0	0	0	0	0	0	0
NM_004493	3	0	3	0	0	2	1	2	5	1	5	1
NR_106916	0	0	0	0	0	0	0	0	0	0	0	0
NM_001281463	6	8	5	3	4	3	8	6	3	1	4	4
NM_001267053	0	0	0	1	0	0	0	0	0	0	0	0
NM_144968	1	2	0	0	0	0	1	0	1	1	0	1
NM_001037811	0	0	0	0	0	0	0	0	0	0	0	0
NR_029484	0	0	0	0	0	0	0	0	0	0	0	0
NR_029513	1	0	1	0	0	0	3	0	0	0	2	0
NM_198456	32	40	54	24	27	17	37	21	47	22	32	31
NM_058163	1622	1137	1860	898	1225	578	1244	1011	1416	932	1062	1000
NM_004463	108	62	101	54	84	39	81	84	92	55	85	50
NM_001184819	22	13	11	26	14	5	36	15	17	10	13	15
NM_019067	0	0	0	0	0	0	0	0	0	0	0	0
NM_014599	2	0	5	5	3	0	3	0	0	3	1	0
NM_177433	3	4	5	0	2	0	0	3	4	3	5	0
NR_002953	2	0	2	0	0	0	3	1	2	1	1	1
NM_201222	35	23	28	19	17	11	17	26	18	14	39	19
NM_001039705	0	0	0	0	0	0	0	0	0	0	0	0
NM_001037967	0	0	0	0	0	0	0	0	0	0	0	0
NM_000032	0	1	0	0	0	0	0	0	0	0	0	0
NM_016157	0	0	0	0	0	0	0	0	0	0	0	0
NM_001037968	1	1	0	0	0	0	0	0	0	0	0	0
NM_001271183	0	0	0	0	0	0	0	0	0	0	0	0
NM_001271805	2	2	2	1	0	0	1	2	2	1	3	0
NM_001271804	0	0	0	0	0	0	0	0	0	0	0	0
NM_001271184	1	1	0	0	0	0	1	0	0	0	0	1
NM_002625	0	0	0	0	0	0	0	0	0	0	0	0
NR_073149	0	0	0	0	0	0	0	0	0	0	0	0
NR_073148	0	0	0	0	0	0	0	0	0	0	0	0
NR_073450	0	0	0	0	0	0	0	0	0	0	0	0
NM_001271748	0	0	0	0	0	0	0	0	0	0	0	0
NM_014481	173	149	190	96	96	68	124	100	170	101	90	114
NM_177557	0	0	0	0	0	0	0	0	0	0	0	0
NM_177556	0	0	0	0	0	0	0	0	0	0	0	0
NM_001166700	0	0	0	0	0	0	0	0	0	0	0	0
NM_001166704	0	0	0	0	0	0	0	0	0	0	0	0
NM_001166703	2	0	0	5	4	0	1	2	7	1	1	3
NM_207339	0	0	0	2	0	0	0	0	0	0	1	0
NR_030722	0	0	0	0	0	0	0	0	0	0	0	0
NM_001166699	0	0	0	0	0	0	0	0	0	0	0	0
NM_001166702	0	0	0	0	0	0	0	0	0	0	0	0
NM_001166701	0	0	0	0	0	0	0	0	0	0	0	0
NM_001015038	1	2	3	0	0	0	0	0	0	1	0	1
NM_138362	0	0	0	0	0	0	0	0	0	0	0	0
NM_001171252	0	0	0	0	0	0	0	0	0	0	0	0
NM_001017931	0	0	0	0	0	0	0	0	0	0	0	0
NM_001303613	0	0	0	0	0	0	0	0	0	0	0	0
NM_001190708	1	1	2	2	0	1	0	0	1	4	1	1
NM_001013435	0	0	0	0	0	0	0	0	0	0	0	0
NM_130467	0	0	0	0	0	0	0	0	0	0	0	0
NR_130179	0	0	0	0	0	0	0	0	0	0	0	0
NR_132964	0	0	0	0	0	0	0	0	0	0	0	0
NM_201286	90	98	88	44	93	24	154	83	160	92	49	64
NM_014061	408	358	515	447	391	188	434	410	552	272	474	330
NR_130469	0	0	0	0	0	0	0	0	0	0	0	0
NR_039764	0	0	0	0	0	0	0	0	0	0	0	0
NM_198451	0	0	0	0	0	0	0	0	1	0	0	0
NM_016656	1	5	2	0	3	1	7	1	7	0	1	0
NM_006064	0	0	0	0	0	0	0	0	0	0	0	0
NM_001159296	0	0	0	0	0	0	0	0	0	0	0	0
NM_007250	53	26	34	8	16	19	28	12	38	10	10	18
NM_013444	1302	1448	1410	1131	1388	605	2072	1332	1986	1035	1290	1334
NR_002308	171	180	210	45	184	59	51	118	172	88	151	179
NM_001010862	297	377	334	220	233	116	444	207	522	189	305	201
NR_027139	49	100	79	43	64	21	68	25	80	31	69	42
NM_001006683	0	0	0	0	0	0	0	0	0	0	0	0
NM_001006682	0	0	0	0	0	0	0	0	0	0	0	0
NM_001006681	0	0	0	0	0	0	0	0	0	0	0	0
NM_001282462	0	0	0	0	0	0	0	0	0	0	0	0
NM_001282461	0	0	0	0	0	0	0	0	0	0	0	0
NM_019003	1	0	0	3	0	0	5	0	0	0	2	1
NM_007157	356	407	369	211	292	156	361	285	280	188	397	341
NM_007156	120	149	113	69	75	52	145	87	107	62	148	115
NM_001012968	487	623	602	309	420	237	677	404	505	363	429	542
NR_046803	1	1	0	0	0	0	0	0	1	0	0	0
NR_031567	0	0	0	0	0	0	0	0	0	0	0	0
NM_152424	849	743	779	402	495	266	851	445	1013	613	491	598
NM_001178033	0	0	0	0	0	0	0	0	0	0	0	0
NR_045044	0	0	0	0	0	0	0	0	0	0	0	0
NM_018684	0	0	0	0	0	0	0	0	0	0	0	0
NM_001170649	0	0	0	0	0	0	0	0	0	0	0	0
NM_001170650	0	0	0	0	0	0	0	0	0	0	0	0
NM_031206	4	7	5	1	4	1	3	3	4	0	4	3
NM_001010888	30	49	30	21	27	11	36	29	58	22	26	35
NR_033742	1	1	1	0	1	0	2	1	0	0	3	3
NM_002444	40483	31561	41422	17276	21038	16758	33722	19235	30878	22874	25925	24859
NM_001100431	0	0	0	0	0	0	0	0	0	0	0	0
NM_001184830	0	0	0	0	0	0	0	0	0	0	0	0
NM_001257403	0	0	0	0	0	0	0	0	0	0	0	0
NR_029637	5	8	29	1	1	7	7	3	1	6	7	9
NM_001184831	0	0	0	0	0	0	0	0	0	0	0	0
NM_007268	0	0	0	0	0	0	0	0	0	0	0	0
NM_021783	2	2	3	2	1	0	0	0	1	1	1	2
NM_001199687	1	2	1	0	1	0	4	1	3	0	0	1
NM_001242310	10	18	9	1	1	1	14	2	16	3	5	6
NM_001195214	0	0	0	0	0	0	0	0	0	0	0	0
NM_173834	34	27	28	15	21	16	20	19	41	11	29	31
NM_001142504	0	0	0	1	0	0	0	0	0	0	0	2
NM_004429	40	9	75	35	42	16	48	37	49	24	57	32
NM_145119	0	0	0	0	0	0	0	0	0	0	0	0
NM_022368	0	0	0	0	0	0	0	0	0	0	0	0
NM_001032396	0	0	0	0	0	0	0	0	0	0	0	0
NM_015686	0	0	3	0	0	0	0	0	0	1	1	0
NR_037494	0	0	0	0	0	0	0	0	0	0	0	0
NM_001002254	1	0	0	0	0	0	0	0	0	0	0	0
NM_207320	0	0	0	0	0	0	0	0	0	0	0	0
NM_001551	2742	2359	3488	1582	1546	1183	1759	2129	2052	1760	2679	2207
NM_198512	8	5	11	2	5	0	12	5	1	19	8	8
NM_001013579	0	0	1	0	1	1	1	0	0	1	0	0
NM_016484	1028	791	1006	501	757	332	830	656	960	535	720	685
NM_002565	2	1	2	0	0	1	4	0	1	1	1	1
NM_004312	22	12	14	4	3	5	25	4	17	8	7	7
NM_001032726	3	4	7	3	3	2	6	3	5	2	8	0
NR_046586	0	2	1	0	1	0	1	0	0	0	0	1
NM_020730	1	0	1	0	3	0	2	2	2	0	1	0
NM_001171193	0	0	0	0	0	0	0	0	0	0	0	0
NM_001171192	0	0	0	0	0	0	0	0	0	0	0	0
NM_001171191	0	0	0	0	0	0	0	0	0	0	0	0
NM_017711	0	0	0	0	0	0	0	0	0	0	0	0
NR_109801	2	3	2	0	1	1	3	2	1	2	5	4
NM_001166278	4	3	6	3	6	1	9	5	12	8	4	14
NM_021120	1	0	0	0	0	0	0	0	0	0	1	1
NM_032803	0	0	0	0	0	0	0	0	0	0	0	0
NM_001048164	0	0	0	0	0	0	0	0	0	0	0	0
NM_013346	0	0	0	0	0	0	0	0	0	0	0	0
NM_000206	9643	8797	9269	6521	5701	4424	7083	6053	8799	4591	7693	8005
NM_001256188	0	0	0	0	0	0	0	0	0	0	0	0
NM_001256187	0	0	0	0	0	0	0	0	0	0	0	0
NM_001170931	0	0	0	0	0	0	0	0	0	0	0	0
NM_181303	0	1	1	0	0	0	0	0	1	1	0	0
NM_001166660	0	0	0	0	0	0	0	0	0	0	0	0
NM_005938	9	3	12	4	7	3	11	6	6	7	11	10
NM_001256186	0	0	0	0	0	0	0	0	0	0	0	0
NM_001256185	1	0	0	0	0	0	0	0	0	2	0	0
NM_005120	3158	2423	2618	1148	1508	1115	2850	1328	2646	1523	1553	1889
NM_001025265	0	1	1	2	0	0	3	0	3	0	0	0
NR_033212	0	0	0	0	0	0	0	0	0	0	0	0
NM_018977	0	0	0	0	0	0	0	0	0	0	0	0
NM_001145410	0	0	0	0	0	0	0	0	0	0	0	0
NM_201599	22	12	17	4	4	5	13	10	23	5	10	10
NM_005096	0	0	0	0	0	0	0	0	0	0	0	0
NM_001145408	24	31	34	14	18	15	25	15	25	23	13	6
NM_001171163	8	3	9	4	2	5	9	3	2	5	7	5
NM_001171162	12	7	13	1	7	3	7	7	4	2	3	9
NM_007363	0	0	0	0	0	0	0	0	0	0	0	0
NM_000166	0	0	0	0	0	0	0	0	0	0	0	0
NM_001145409	0	0	0	0	0	0	0	0	0	0	0	0
NM_001097642	0	0	0	0	0	0	0	0	0	0	0	0
NR_104396	0	0	0	0	0	0	1	1	0	0	0	1
NR_002226	2	0	0	1	0	1	0	0	0	0	0	0
NM_052957	76	55	80	44	60	28	78	45	71	29	59	33
NM_001142797	30	21	23	8	9	22	9	1	5	6	28	15
NM_001504	0	0	0	0	0	0	0	0	0	0	0	0
NR_034004	0	0	0	0	0	0	0	0	0	0	0	0
NM_001145139	0	0	0	0	0	0	0	0	0	0	0	0
NM_001145140	0	0	0	0	0	0	0	0	0	0	0	0
NR_034005	0	0	0	0	0	0	0	0	0	0	0	0
NR_002309	60	33	69	27	24	35	28	19	23	5	34	43
NM_006223	2	1	2	2	1	0	0	1	0	0	0	2
NM_207422	110	233	253	100	106	91	115	306	215	173	251	305
NR_033187	0	0	0	0	0	0	0	0	0	0	0	0
NM_001024455	56	9	52	8	27	3	30	23	40	33	20	34
NM_001144886	0	0	0	0	0	0	0	0	0	0	0	0
NM_001144885	0	0	0	0	0	0	0	0	0	0	0	0
NM_004143	0	0	0	0	0	0	0	0	0	0	0	0
NM_001007	41660	40151	97428	58135	29142	30672	53789	38476	40394	42871	37608	60388
NM_001144887	0	0	0	0	0	0	0	0	0	0	0	0
NM_001166420	1	2	0	0	1	0	0	1	1	1	0	0
NM_001166422	0	0	0	0	0	0	0	0	0	0	0	0
NR_110391	0	0	0	0	0	0	1	0	1	0	0	0
NM_033053	0	0	0	0	0	0	0	0	0	0	0	0
NM_001080851	0	0	0	0	0	0	0	0	0	0	0	0
NR_034116	0	0	0	0	0	0	0	0	0	0	0	0
NR_120493	0	0	0	0	0	0	0	0	0	0	0	0
NR_120494	0	0	0	0	0	0	0	0	0	0	0	0
NR_026595	0	0	0	0	0	0	0	0	0	0	0	0
NR_120499	0	0	0	0	0	0	0	0	0	0	0	0
NR_026594	0	0	0	0	0	0	0	0	0	0	0	0
NR_110398	0	0	0	0	0	0	0	0	0	0	0	0
NM_001042506	0	0	0	0	0	0	0	0	0	0	0	0
NR_027291	37	1	1	1	0	0	0	0	0	0	0	0
NM_001012977	0	0	0	0	0	0	0	0	0	0	0	0
NM_021963	218	123	123	33	130	65	45	76	97	55	71	118
NM_005193	0	0	0	0	0	0	0	0	0	0	0	0
NR_001564	5	0	3400	927	2	1725	8876	6	2	2558	8	4760
NR_030398	1	4	0	0	3	2	8	0	1	1	1	2
NR_037511	0	0	0	0	0	0	0	0	0	0	0	0
NR_030258	0	0	0	0	0	0	0	0	0	0	0	0
NM_203303	0	0	0	0	0	0	0	0	0	0	0	0
NR_030620	0	0	0	0	0	0	0	0	0	0	0	0
NR_030785	0	0	0	0	0	0	0	0	0	0	0	0
NM_016120	0	0	0	0	0	0	0	0	0	0	0	0
NM_183353	1	0	0	0	0	0	0	1	0	0	1	0
NM_145052	0	0	0	0	0	0	0	0	0	0	0	0
NR_030774	0	0	0	0	0	0	0	0	0	0	0	0
NM_001307944	1	0	0	0	0	0	0	0	0	0	0	1
NR_030737	21	22	30	13	17	16	47	11	25	15	14	15
NM_138703	0	0	0	1	0	0	0	0	0	0	0	0
NM_001300888	2	2	2	1	3	0	5	0	1	1	0	2
NM_016500	56	71	44	54	53	10	77	61	72	38	56	47
NM_020932	83	78	95	31	38	57	106	14	46	41	56	70
NR_029909	0	0	0	0	0	0	0	0	0	0	0	0
NR_029905	0	0	0	0	0	0	0	0	0	0	0	0
NM_003868	0	0	0	0	0	1	0	0	0	2	4	1
NM_001866	3038	3220	3315	2810	2845	1317	3315	3536	4291	1867	3299	2318
NM_001029891	5279	5308	4858	2094	2189	2677	2594	3407	4422	2431	3503	5377
NM_015975	661	1027	792	586	957	266	1028	825	1390	556	795	564
NM_001282188	0	0	0	0	0	1	0	0	0	0	0	0
NM_001282187	1	0	0	1	0	0	0	0	0	0	0	0
NM_001282186	0	0	0	0	0	0	0	0	0	0	0	0
NM_006639	0	0	0	0	0	0	0	0	0	0	0	0
NM_005296	0	3	0	0	0	0	1	2	2	0	1	0
NM_152694	4	6	3	1	0	3	4	3	9	6	2	0
NM_001278000	0	0	0	0	0	0	0	0	0	0	0	0
NR_036258	0	0	0	0	0	0	0	0	0	0	0	0
NM_014499	101	119	93	62	75	37	74	72	86	50	119	80
NM_198333	0	0	0	0	0	0	0	0	0	0	0	0
NM_032553	348	312	339	85	182	77	406	153	229	259	386	217
NM_001171581	0	0	0	0	0	0	0	0	0	0	0	0
NM_004867	174	129	157	168	61	47	82	110	123	67	249	106
NM_001303475	0	0	0	0	0	0	0	0	0	0	0	0
NM_001109879	0	0	0	0	0	0	0	0	0	0	0	0
NM_001109878	0	0	0	0	0	0	0	0	0	0	0	0
NM_016954	0	0	0	0	0	0	0	0	0	0	0	0
NR_110646	0	2	0	0	0	0	0	0	0	0	0	0
NM_152630	0	0	0	0	0	0	0	0	0	0	0	0
NM_000307	0	0	0	0	0	0	0	0	1	0	0	0
NR_031690	0	0	0	0	0	0	0	0	0	0	0	0
NM_001012980	1	1	1	0	0	0	0	1	0	0	0	0
NR_110651	0	0	0	0	0	0	0	0	0	0	0	0
NM_021998	204	115	191	81	141	68	79	88	176	79	155	114
NR_031710	0	0	0	0	0	0	0	0	0	0	0	0
NR_029848	0	0	0	0	0	0	0	0	0	0	0	0
NM_033048	0	0	0	0	0	0	0	0	0	0	0	0
NM_001184771	0	0	0	0	0	0	0	0	0	0	0	0
NM_138960	0	0	0	0	0	0	0	0	0	0	0	0
NR_110659	0	0	0	0	0	0	0	0	0	0	0	0
NM_080832	0	0	0	0	0	0	0	0	0	0	0	0
NR_039659	0	0	0	0	0	0	0	0	0	0	0	0
NM_001171109	0	0	0	0	0	0	0	0	0	0	0	0
NM_173698	0	0	0	0	0	0	0	0	0	0	0	0
NM_004538	4	3	8	1	7	2	7	5	7	2	12	6
NM_001171111	0	0	0	0	0	0	0	0	0	0	0	0
NM_001171110	0	0	0	0	0	0	0	0	0	0	0	0
NR_031667	0	0	0	0	0	0	0	0	0	0	0	0
NR_003539	0	0	0	0	0	0	0	0	0	0	0	0
NM_013347	3	3	8	1	5	2	8	4	3	4	2	1
NR_125391	7	5	0	0	2	0	0	1	0	1	4	1
NM_001278743	0	0	0	0	0	0	0	0	0	0	0	0
NM_001278742	0	0	0	0	0	0	0	0	0	0	0	0
NM_001278741	0	0	0	0	0	0	0	0	0	0	0	0
NM_001278740	0	0	0	0	0	0	3	0	0	0	0	0
NM_003270	1	0	0	0	0	0	0	0	0	0	0	0
NM_022144	0	0	0	0	0	0	0	0	0	0	0	0
NM_001129896	0	0	0	0	0	0	0	0	0	0	0	0
NM_001174068	0	0	0	0	0	0	0	0	0	0	0	0
NM_080737	0	0	0	0	0	0	0	0	0	0	0	0
NM_007052	0	0	0	0	0	0	0	0	0	0	0	0
NM_013955	0	0	0	0	0	0	0	0	0	0	0	0
NM_001271815	0	0	0	0	0	0	0	0	0	0	0	0
NM_001325	0	0	0	0	0	0	0	0	0	0	0	0
NM_001306206	1	1	4	0	3	0	1	0	3	1	1	4
NM_001306209	0	0	0	0	0	0	0	0	0	0	0	0
NM_001167970	0	0	0	0	0	0	0	0	0	0	0	0
NR_103709	0	0	1	0	0	0	1	0	2	0	2	0
NR_103708	0	0	0	0	0	0	0	0	0	0	0	0
NM_001167971	0	0	0	0	0	0	0	0	0	0	0	0
NM_001162491	0	0	0	0	0	0	0	0	0	0	0	0
NM_001167972	0	0	0	0	0	0	0	0	0	0	0	0
NM_024917	21	15	17	5	6	7	20	12	9	9	16	8
NM_021637	0	0	0	0	0	0	0	0	0	0	0	0
NM_006733	620	666	490	288	450	232	654	509	656	355	471	507
NM_001171184	0	0	0	0	0	0	0	0	0	0	0	0
NM_001168474	0	0	0	0	0	0	0	0	0	0	0	0
NM_001939	0	0	0	0	0	0	0	0	0	0	2	0
NM_024885	0	0	0	0	0	0	0	0	1	0	1	0
NM_001032393	0	0	0	0	0	0	0	0	0	0	0	0
NM_000061	0	0	0	0	0	0	0	0	0	0	0	0
NM_001287344	0	0	0	1	5	0	5	4	7	0	0	0
NM_001287345	0	0	2	1	0	0	1	2	1	1	0	2
NM_000169	615	532	828	429	450	375	440	525	596	352	688	421
NM_004085	281	350	360	261	328	134	326	299	481	228	242	278
NM_021029	17	17	16	18	26	11	25	23	26	17	18	16
NM_001145951	13	28	25	11	15	12	25	15	26	9	14	27
NM_001199974	0	0	0	0	0	0	0	0	0	0	0	0
NM_001199973	0	0	0	0	0	0	0	0	0	0	0	0
NM_001199972	128	216	164	97	128	51	286	63	357	46	134	89
NM_019597	0	0	0	0	0	0	0	0	0	0	0	0
NM_001256155	164	151	36	80	79	19	75	71	157	61	32	96
NM_016608	97	90	9	52	85	7	69	49	203	31	55	130
NR_045862	0	0	0	0	0	0	0	0	0	0	0	0
NR_045864	0	0	0	0	0	0	0	0	0	0	0	0
NR_045863	2	0	0	0	0	0	0	0	1	0	0	0
NR_045861	0	0	0	0	0	0	0	0	0	0	0	0
NM_177947	0	0	0	0	0	0	0	0	0	0	0	0
NM_177948	7	8	7	4	3	2	6	3	12	2	6	7
NM_177949	0	0	1	0	1	0	0	0	0	0	0	0
NM_016607	0	0	0	0	0	0	0	0	0	0	1	0
NM_001184768	0	0	0	0	0	0	0	0	0	0	0	0
NM_014782	1	1	1	0	1	0	0	0	0	0	0	1
NM_001282231	0	0	0	0	0	0	0	0	0	0	0	0
NM_019007	0	0	0	0	0	0	0	0	0	0	0	0
NR_033669	0	0	0	0	0	0	0	0	0	0	0	0
NR_033670	0	0	0	0	0	0	0	0	0	0	0	0
NM_001009584	0	0	0	0	0	0	0	0	0	0	0	0
NM_001011657	0	1	0	0	0	0	0	0	0	0	0	0
NM_001282401	0	0	0	0	0	0	0	0	0	0	0	0
NM_001282400	0	2	0	0	0	1	4	1	0	0	2	0
NM_080390	7	14	39	9	3	1	8	9	53	6	0	16
NM_001159560	0	0	0	0	0	0	0	0	0	0	0	0
NM_001277423	0	0	0	0	0	0	0	0	0	0	0	0
NM_001012978	5	4	11	1	5	1	0	1	1	1	6	6
NM_001006938	1	1	1	0	3	0	4	1	3	0	0	2
NM_022838	0	0	0	0	0	0	0	0	0	0	0	0
NM_001168485	0	0	0	0	0	0	0	0	0	0	0	0
NM_001168482	0	0	0	0	0	0	0	0	0	0	0	0
NM_001168480	0	0	0	0	0	0	0	0	0	0	0	0
NM_001168479	0	0	0	0	0	0	0	0	0	0	0	0
NM_001168478	0	0	0	0	0	0	0	0	0	0	0	0
NM_021992	0	0	3	0	1	0	0	2	5	5	3	1
NR_002216	0	0	0	0	0	0	0	0	1	0	0	0
NM_001099411	0	0	0	0	0	0	0	0	0	0	0	0
NM_001099410	0	0	0	0	0	0	0	0	0	0	0	0
NM_001184727	0	0	1	1	0	0	0	0	0	0	0	2
NM_138437	0	0	0	0	0	0	0	0	0	0	0	0
NM_001142527	0	0	0	0	0	0	0	0	0	0	0	0
NM_030639	0	0	0	0	0	0	0	0	0	0	0	0
NM_001142530	0	0	0	0	0	0	0	0	0	0	0	0
NM_001142525	0	0	0	0	0	0	0	0	0	0	0	0
NM_001142524	0	0	0	0	0	0	0	0	0	0	0	0
NM_014710	0	0	0	0	0	0	0	0	0	0	0	0
NM_001184876	0	0	0	0	0	0	0	0	0	0	0	0
NM_001184875	0	0	0	0	0	0	0	0	0	0	0	0
NM_001184874	0	0	0	0	0	0	0	0	0	0	0	0
NM_001142529	0	0	0	0	0	0	0	0	0	0	0	0
NM_001142528	0	0	0	0	0	0	0	0	0	0	0	0
NM_001142526	0	0	0	0	0	0	0	0	0	0	0	0
NM_001004051	0	0	0	0	0	0	0	0	0	0	0	0
NR_038988	50	59	29	31	24	18	57	33	50	54	44	48
NM_001031834	0	1	1	2	2	2	3	2	4	0	3	1
NM_018476	0	0	1	1	0	0	0	0	0	0	0	8
NM_022052	0	0	0	0	0	0	0	0	0	0	0	0
NM_153333	1	1	2	3	1	0	0	0	2	1	2	2
NM_001127688	0	0	0	0	0	0	0	0	0	0	0	0
NM_001080425	2	12	1	4	5	0	3	4	5	6	2	4
NM_001012979	1	1	0	0	1	0	1	0	0	0	2	1
NM_001006684	0	0	0	0	0	0	0	0	0	0	0	0
NM_001168401	0	0	0	0	0	0	0	0	0	0	0	0
NM_001282674	0	0	0	0	0	0	0	0	0	0	0	0
NM_016303	0	0	0	0	0	0	0	0	0	0	0	0
NM_001168399	0	0	0	0	0	0	0	0	0	0	0	0
NM_152278	4	1	0	0	1	0	0	0	0	0	0	0
NM_032621	0	0	0	0	0	0	0	0	0	0	0	0
NM_001006614	0	0	0	0	0	0	0	0	0	0	0	0
NM_001006613	0	0	0	0	0	0	0	0	0	0	0	0
NM_001006612	0	0	0	0	0	0	0	0	0	0	0	0
NM_001168400	0	0	0	0	0	0	0	0	0	0	0	0
NM_014380	0	1	1	0	1	0	0	0	2	0	1	2
NM_206917	0	0	0	0	0	0	0	0	0	0	0	0
NM_206915	0	0	0	0	0	0	0	0	0	0	0	0
NM_080879	16	21	13	11	8	5	18	8	29	8	8	18
NM_004780	0	0	0	0	0	0	1	0	0	1	2	1
NM_032926	0	0	0	0	0	0	0	0	0	0	0	0
NM_001006937	0	0	0	0	0	0	0	0	0	0	0	0
NM_001006935	0	0	0	0	0	0	0	0	0	0	0	0
NM_001305842	0	0	0	0	0	0	0	0	0	0	0	0
NM_001305841	0	0	0	0	0	0	0	0	0	0	0	0
NM_024863	0	0	0	0	0	0	0	0	0	0	0	0
NM_001305840	18	9	14	9	8	4	7	6	19	6	7	9
NM_001006640	2	1	2	2	1	1	1	0	3	2	1	1
NM_001006639	0	0	0	0	0	0	0	0	0	0	0	0
NM_001006933	1	0	0	0	0	0	0	0	0	0	0	0
NM_001300901	0	1	0	1	0	0	1	1	1	0	0	0
NM_001305004	0	0	0	0	0	0	0	0	0	0	0	0
NM_182541	1	1	0	0	1	0	2	1	0	0	1	1
NM_001128834	1	1	0	0	0	0	1	0	0	0	0	1
NM_199478	0	0	0	0	0	0	0	0	0	0	0	0
NM_000533	0	0	0	0	0	0	0	0	0	0	0	0
NM_001172285	0	0	0	0	0	0	0	0	0	0	0	0
NM_001024452	0	0	0	0	0	0	0	0	0	0	0	0
NR_038978	17	33	47	19	14	7	48	20	23	8	29	20
NM_016370	28	58	40	16	50	9	73	38	24	27	34	39
NR_003238	0	0	0	0	0	0	0	0	0	0	0	0
NM_001164416	0	0	0	0	0	0	0	0	0	0	0	0
NM_194324	53	45	22	10	24	7	42	34	36	18	2	30
NR_130172	0	0	0	0	0	0	0	0	0	0	0	0
NM_001002916	0	1	0	0	2	0	0	0	0	0	0	0
NR_026694	0	0	0	0	0	0	0	0	0	0	0	0
NM_001143978	9	11	15	3	7	5	12	6	14	16	8	7
NR_039980	62	63	77	18	29	26	108	38	57	35	48	26
NM_207318	1357	1806	1246	696	1067	573	1237	1188	1505	827	1390	1195
NM_001012755	227	163	264	93	191	57	367	170	349	160	126	115
NM_153448	0	0	0	0	0	0	0	0	0	0	0	0
NM_031274	0	0	0	0	0	0	0	0	0	0	0	0
NM_001291277	0	0	0	0	0	0	0	0	0	0	0	0
NR_039765	0	4	0	2	2	0	4	2	1	0	1	1
NM_018015	21	33	25	12	17	15	26	17	41	20	19	46
NM_001184782	0	0	0	0	0	0	0	0	0	0	0	0
NM_024539	0	0	0	0	0	0	0	0	0	0	0	0
NM_194463	0	0	0	0	0	0	0	0	1	1	0	0
NM_020384	0	0	0	0	0	0	0	0	0	0	0	0
NM_138382	0	0	0	0	0	0	0	0	0	0	0	0
NM_001171706	0	0	0	0	0	0	0	0	0	0	0	0
NM_001171095	0	0	0	0	0	0	0	0	0	0	0	0
NM_001171092	0	0	0	0	0	0	0	0	0	0	0	0
NR_033676	0	0	0	0	0	0	0	0	0	0	0	0
NM_017681	1	12	6	3	6	0	6	6	4	4	5	5
NM_032428	1	0	2	0	11	1	1	1	1	1	0	1
NR_046750	0	0	0	0	0	0	0	0	0	0	0	0
NM_002764	537	689	602	384	386	215	599	444	728	385	460	523
NM_001204402	0	0	0	0	0	0	0	0	0	0	0	0
NM_004089	98	147	187	119	156	34	224	165	177	119	327	323
NM_001015881	1	1	3	2	5	3	5	2	5	2	6	4
NR_110395	0	0	0	1	0	0	0	0	0	0	0	0
NM_031273	1	0	1	0	0	0	0	0	0	0	0	0
NM_182607	0	0	0	0	0	0	0	0	0	0	0	0
NM_002814	3	14	6	3	13	3	10	15	13	8	9	11
NM_170750	0	0	0	0	0	0	0	0	0	0	0	0
NM_001170553	0	0	0	0	0	0	0	0	0	0	0	0
NR_110652	0	0	0	0	0	0	0	0	1	0	1	0
NM_003604	1	0	0	0	0	0	2	0	0	0	0	0
NR_106735	0	0	0	73	22	0	30	6	0	7	2	8
NM_018698	0	0	0	0	0	0	0	0	0	0	0	0
NM_001242618	1	2	3	1	0	1	0	1	1	2	0	3
NM_001242617	4	2	3	0	2	0	1	0	4	1	1	0
NM_012282	7	6	11	11	18	10	9	16	17	4	16	6
NR_030381	0	0	0	0	0	0	0	0	0	0	0	0
NR_039774	0	0	0	0	0	0	0	0	0	1	0	0
NR_004379	0	0	0	0	0	0	0	0	0	0	0	0
NM_020769	33	4	7	2	3	4	2	3	2	3	2	7
NR_002718	0	0	0	0	0	1	0	0	0	0	0	0
NM_014289	0	1	0	0	0	1	0	0	0	0	0	0
NM_000555	0	0	0	0	0	0	0	0	0	0	0	0
NR_033974	1	0	0	0	0	0	1	0	1	9	0	0
NM_001039210	0	0	0	0	0	0	0	0	0	0	0	0
NM_001257230	0	0	0	0	0	0	0	0	0	0	0	0
NR_033125	0	0	0	0	0	0	0	0	0	0	0	0
NM_001257241	0	0	0	0	0	0	0	0	0	0	0	0
NM_001257239	0	0	1	0	1	0	1	3	1	0	1	0
NM_001257240	0	0	0	0	0	0	0	0	0	0	0	0
NM_001257237	0	0	0	0	0	0	0	0	0	0	0	0
NM_001257235	0	0	0	0	0	0	0	0	0	0	0	0
NM_001257234	0	0	0	0	0	0	0	0	0	0	0	0
NM_001257231	0	0	0	0	0	0	0	0	0	0	0	0
NM_001099922	0	0	0	0	0	0	0	0	0	0	0	0
NM_018466	0	0	0	0	0	0	0	0	0	0	0	0
NM_001168385	0	0	0	0	0	0	0	0	0	0	0	0
NM_001195578	0	0	0	0	0	0	0	0	0	0	0	0
NM_001195577	0	0	0	0	0	0	0	0	0	0	0	0
NM_001195576	0	0	0	0	0	0	0	0	0	0	0	0
NM_178175	87	65	35	10	47	11	69	51	87	23	39	34
NR_036255	0	0	0	0	0	0	0	0	0	0	0	0
NM_001113490	85	36	48	0	5	19	28	28	3	2	25	43
NM_133265	37	27	16	0	3	9	16	21	2	2	21	31
NR_031733	0	0	0	0	0	0	0	0	0	0	0	0
NR_031581	0	0	0	0	0	0	0	0	0	0	0	0
NR_031563	0	0	0	0	0	0	0	0	0	0	0	0
NR_002993	0	0	0	0	0	0	0	0	0	0	0	0
NR_031732	0	0	0	0	0	0	0	0	0	0	0	0
NR_031578	0	0	0	0	0	0	0	0	0	0	0	0
NR_029955	0	0	0	0	0	0	0	0	0	0	0	0
NM_000640	0	0	0	0	0	0	0	0	0	0	0	0
NM_001145346	0	0	0	0	0	0	0	0	0	0	0	0
NM_016383	0	0	0	0	0	0	0	0	0	0	0	0
NR_110384	0	0	0	0	0	0	0	0	0	0	0	0
NR_110383	0	0	0	0	0	0	0	0	0	0	0	0
NR_130730	10	2	9	2	1	3	2	0	3	0	10	2
NM_000686	7	6	10	0	3	1	0	1	1	2	53	1
NM_007231	0	3	0	0	0	0	0	0	1	0	10	0
NM_001017978	0	0	0	0	0	0	0	0	0	0	0	0
NR_031685	0	0	0	0	0	0	0	0	0	0	1	0
NM_173798	0	0	0	0	0	0	0	0	0	0	0	0
NM_001312891	0	0	0	0	0	0	0	0	0	0	0	0
NR_110393	0	0	0	0	0	0	0	0	1	0	0	0
NM_006667	136	105	132	84	92	41	134	97	115	90	97	105
NM_001282621	0	0	0	0	0	0	0	0	0	0	0	0
NR_110396	2	2	2	1	0	0	1	0	0	3	0	0
NM_001152	12561	14300	19145	9056	9140	5706	10624	9870	12983	7745	10589	11537
NR_028443	27	29	31	24	38	8	54	33	69	19	25	20
NM_017544	0	0	0	0	0	0	0	0	0	0	0	0
NM_001282161	0	0	0	0	0	0	0	0	0	0	0	0
NR_030413	0	0	4	1	1	0	1	0	0	0	0	0
NM_181762	0	0	0	0	0	0	0	0	0	0	0	0
NM_001173488	5	4	5	9	4	4	11	3	9	1	5	2
NM_001173487	2	1	0	0	2	1	0	0	2	1	0	0
NM_003336	0	0	0	0	0	0	0	0	0	0	0	0
NM_001170570	0	0	0	0	0	0	0	0	0	0	0	0
NM_001170569	0	0	2	1	0	1	0	0	0	0	1	1
NM_022101	0	0	0	0	0	0	0	0	0	0	0	0
NM_001000	6089	6332	9125	5518	5455	4113	4142	6416	7382	4876	5627	6468
NM_001105576	60	57	122	81	21	39	30	56	27	39	65	105
NR_002584	0	9	7	5	0	2	6	4	5	3	4	4
NM_006978	902	743	1083	705	569	402	787	618	746	470	853	680
NM_001008534	0	0	0	0	0	0	0	0	0	0	0	0
NM_023010	0	0	0	0	0	0	0	0	0	0	0	0
NM_004541	2628	2349	3031	1806	1896	1132	1555	2202	2517	1258	2483	2155
NM_001008535	0	0	0	0	0	0	0	0	0	0	0	0
NM_080632	1	2	0	0	1	0	1	0	1	0	0	0
NM_178813	0	0	0	0	0	0	0	0	0	0	0	0
NR_131250	0	0	0	0	0	0	0	0	0	0	0	0
NM_001099685	0	0	0	0	0	0	0	0	0	0	0	0
NM_139282	1	5	1	3	1	1	3	0	1	1	0	2
NR_126557	3	1	0	1	1	1	0	2	0	1	0	1
NM_032498	0	0	0	0	0	0	0	0	0	0	0	0
NM_001184742	4	4	1	1	3	0	3	3	7	1	1	1
NM_017938	0	0	0	0	0	0	0	0	0	0	0	0
NM_006777	0	0	0	0	0	0	0	0	0	0	0	0
NM_001104545	0	0	0	0	0	0	0	0	0	0	0	0
NM_001104544	0	0	0	0	0	0	0	0	0	0	0	0
NR_027131	51	38	54	34	52	22	80	43	74	38	47	36
NM_012069	0	0	0	0	0	0	0	0	0	0	0	0
NM_001142447	0	0	0	0	0	0	0	0	0	0	0	0
NM_001079872	113	77	78	25	37	36	107	28	73	56	47	73
NM_003588	2	0	0	0	0	1	2	0	1	0	0	0
NM_014060	252	247	320	241	201	104	225	216	320	162	230	228
NM_001137554	7	10	11	3	8	3	3	9	11	11	7	4
NM_001011551	0	0	0	0	0	0	0	0	0	0	0	0
NM_152692	1	4	1	0	0	0	3	2	3	1	2	0
NM_001080140	0	0	0	0	0	0	0	0	0	0	0	0
NM_001145718	0	0	0	0	0	0	0	0	0	0	0	0
NM_012084	278	213	214	81	120	91	162	119	192	114	187	211
NR_037444	0	0	0	0	0	0	0	0	0	0	0	0
NM_001256743	4	2	1	0	1	3	0	0	0	0	1	0
NR_130770	1	6	1	2	1	4	5	2	1	4	4	1
NM_002351	0	0	0	0	0	0	0	0	0	0	0	0
NM_001114937	0	0	0	0	0	0	0	0	0	0	0	0
NM_001195272	0	0	0	0	0	0	0	0	0	0	0	0
NR_110409	0	0	0	1	0	0	0	0	0	0	0	0
NM_001013628	0	0	0	0	0	0	0	0	0	0	0	2
NM_178470	0	0	0	0	0	0	0	0	0	0	0	0
NM_001122716	0	0	1	0	0	0	1	0	0	1	0	0
NM_138289	0	0	0	0	0	0	0	0	0	0	0	0
NM_001587	0	0	0	0	0	0	0	0	0	0	0	0
NM_000276	1	1	0	0	0	0	1	0	0	0	1	1
NM_017413	77	141	44	53	19	15	46	65	101	27	24	117
NM_016032	9	5	6	13	12	3	17	13	15	4	7	23
NM_001008222	0	0	0	0	0	0	0	0	0	0	0	0
NM_018990	10154	7505	11181	6633	6685	3944	9210	5492	12416	5691	8087	7981
NM_001166221	0	0	0	0	0	0	0	0	0	0	0	0
NM_006649	59	75	68	46	43	31	77	59	102	55	64	52
NM_001130846	4	3	2	2	3	0	4	0	3	0	2	3
NM_001421	1	0	0	6	12	0	14	7	6	0	14	11
NM_001127197	1	0	0	2	7	0	12	6	8	2	5	17
NM_017666	179	256	205	189	237	94	355	184	333	207	177	199
NM_004794	601	672	856	452	389	404	491	566	472	300	656	656
NM_001282198	0	0	0	0	0	0	0	0	0	0	0	0
NM_178471	1	0	0	0	0	0	0	0	0	0	0	0
NM_001282197	4	1	2	0	2	1	2	3	1	0	1	0
NM_001282196	0	0	0	0	0	0	0	0	0	0	0	0
NM_001282195	0	0	0	0	0	0	0	0	0	0	0	0
NR_104107	0	0	0	0	0	0	0	0	0	0	0	0
NM_016024	827	942	742	547	703	392	796	896	948	599	660	730
NR_027141	349	351	336	198	279	212	335	306	346	179	407	247
NR_126350	0	0	0	0	0	0	0	0	0	0	0	0
NM_001170961	0	0	0	0	0	0	0	0	0	0	0	0
NM_001555	0	0	0	0	0	0	0	0	0	0	0	0
NM_001170963	0	0	0	0	0	0	0	0	0	0	0	0
NM_001170962	0	0	0	0	0	0	0	0	0	0	0	0
NM_205833	0	0	0	0	0	0	0	0	0	0	0	0
NM_001004486	0	0	0	0	0	0	0	0	0	0	0	0
NM_016542	2	0	0	2	2	0	6	6	7	0	1	1
NM_001042453	0	0	0	0	0	0	0	0	0	0	0	0
NM_001042452	0	0	0	0	0	0	0	0	0	0	0	0
NM_001271187	0	0	0	0	0	0	0	0	0	0	0	0
NM_001271186	1	0	0	0	0	0	0	0	0	0	0	0
NR_073150	0	0	0	0	0	1	0	0	1	0	0	0
NM_021183	0	0	0	0	0	0	0	0	0	0	2	0
NR_046691	0	0	0	0	0	0	0	0	0	0	0	0
NM_031907	0	0	0	0	0	0	0	0	0	0	1	0
NM_016521	0	3	0	0	0	1	0	0	0	0	0	1
NM_001448	1068	353	1206	116	209	8	636	312	375	178	18	614
NR_029491	0	0	0	0	0	1	0	0	0	0	1	0
NR_029852	0	1	0	0	0	0	0	0	0	0	0	0
NR_029950	0	0	1	1	0	0	0	1	0	0	0	0
NR_029949	0	1	0	0	0	0	0	0	0	0	0	0
NR_029523	0	0	0	0	0	0	0	0	0	0	0	1
NR_029509	1	0	0	0	0	0	0	0	0	0	0	0
NM_001101357	0	0	0	0	0	0	0	0	0	0	0	0
NM_032458	52	48	28	14	23	30	52	19	47	19	26	35
NM_001015877	0	0	0	0	0	0	0	0	0	0	0	0
NM_032335	0	2	0	0	0	0	2	1	2	0	2	1
NR_029946	0	0	0	0	0	0	0	0	0	0	0	0
NR_029962	0	0	0	0	0	0	0	0	0	0	0	0
NR_030228	0	0	0	0	0	0	1	0	1	0	2	0
NR_030227	0	0	0	0	0	0	0	0	0	1	0	0
NR_030587	0	0	0	0	0	0	0	0	0	0	0	0
NR_030399	0	0	0	0	0	0	0	0	0	1	0	0
NR_038998	0	2	4	0	1	1	0	0	0	1	4	2
NR_024607	6	5	10	1	7	7	7	6	8	5	16	20
NM_138819	2	4	4	3	2	3	1	0	2	0	1	0
NM_001170784	0	0	0	0	0	0	0	0	0	0	0	0
NM_001170783	0	0	0	0	0	0	0	0	0	0	0	0
NM_001170782	0	0	0	0	0	0	0	0	0	0	0	0
NM_001170781	48	61	54	37	46	19	20	32	67	37	51	41
NM_001170780	14	9	14	5	5	4	6	6	8	1	3	4
NM_001170779	1	4	4	0	1	1	5	2	3	1	5	2
NM_001170757	0	0	0	0	0	0	0	0	0	0	0	0
NM_001170756	0	0	0	0	0	0	0	0	0	0	0	0
NM_001166599	265	265	226	128	179	86	431	108	247	147	174	203
NM_145284	0	0	0	0	0	0	0	0	0	0	0	0
NM_001166600	0	0	0	0	0	0	0	0	0	0	0	0
NM_001163438	11	5	24	8	5	13	6	9	1	24	23	26
NM_001306188	0	0	0	0	0	0	0	0	0	0	0	0
NM_019556	17	7	13	3	8	4	8	8	17	5	11	4
NM_001078171	620	399	483	440	626	211	538	373	706	302	423	473
NM_001134321	0	0	0	0	0	0	0	0	0	0	0	0
NR_033941	0	0	0	0	0	0	0	0	0	0	0	0
NM_001078173	3	9	0	10	8	2	1	6	21	2	2	35
NM_001078172	52	49	57	60	51	24	84	46	78	42	43	65
NR_103770	0	0	0	0	0	0	0	0	0	0	1	0
NR_024493	2	0	2	1	0	2	1	1	2	0	0	7
NM_017863	0	0	0	0	0	0	0	0	0	0	0	0
NM_001031705	0	0	0	0	0	0	0	0	0	0	0	0
NM_152695	97	116	64	50	61	30	118	70	102	48	91	60
NM_001185063	0	0	0	0	0	0	0	0	0	0	0	0
NM_007131	107	77	59	20	49	24	90	52	70	43	71	48
NR_046740	1	1	1	0	1	0	0	1	1	0	2	1
NR_024359	5	1	3	0	1	1	2	2	1	3	1	2
NM_001017435	0	0	0	0	0	0	0	0	0	0	0	0
NM_001172288	0	0	0	0	0	0	0	0	0	0	0	0
NM_001291543	0	0	0	0	0	0	0	0	0	0	0	0
NM_001007551	0	0	0	0	0	0	0	0	0	0	0	0
NM_001017438	0	0	0	0	0	0	0	0	0	0	0	0
NM_001017417	9	0	3	2	0	0	13	36	8	20	14	8
NM_001017436	0	0	0	0	0	0	0	0	0	0	0	0
NM_001291530	0	0	0	0	0	0	0	0	0	0	0	0
NM_001291535	0	0	0	0	0	0	0	0	0	0	0	0
NM_018666	0	0	0	0	0	0	0	0	0	8	0	0
NM_152582	0	0	0	0	0	0	0	0	0	0	0	0
NM_001291529	0	0	0	0	0	0	0	0	0	0	0	0
NM_001291528	0	0	0	0	0	0	0	0	0	0	0	0
NM_001291527	0	0	0	0	0	0	0	0	0	0	0	0
NM_001291540	0	0	0	0	0	0	0	0	0	0	0	0
NM_173470	918	1048	867	815	893	412	1003	953	1152	682	889	778
NM_001177651	0	0	0	0	0	0	0	0	0	0	0	0
NM_001042537	0	0	0	0	0	0	0	0	0	0	0	0
NM_006359	0	0	0	0	0	0	0	0	0	0	0	0
NM_001173517	9	18	22	9	12	3	21	8	19	5	11	2
NM_024597	0	0	0	0	0	0	0	0	0	0	0	0
NM_001159701	0	0	0	0	0	0	0	0	0	1	0	0
NM_001159699	0	0	0	0	0	0	0	0	0	0	0	0
NM_001173516	0	0	0	0	0	0	0	0	0	0	0	0
NM_016267	0	0	0	0	0	0	0	0	0	0	0	1
NM_014500	0	0	0	0	0	0	0	1	0	0	0	0
NR_030631	0	0	0	0	0	0	0	0	0	0	0	0
NM_001163280	0	0	2	1	14	0	18	7	2	0	0	12
NM_001727	0	0	0	0	0	0	0	1	0	0	0	0
NM_000074	0	0	1	1	0	2	1	0	2	1	0	0
NR_038462	0	0	0	0	0	0	0	0	0	0	0	0
NR_038461	0	0	0	0	0	0	0	0	0	0	0	0
NM_002139	0	0	0	0	0	0	0	0	0	0	0	0
NM_001164803	1132	1690	1378	929	1384	471	1610	1299	1548	978	1119	891
NR_028477	2	0	0	0	0	0	0	1	1	0	1	0
NR_028476	0	0	0	0	0	0	0	0	0	0	0	0
NR_002735	0	1	0	0	0	0	0	0	0	0	0	0
NM_054021	0	0	0	0	0	0	0	0	1	0	0	0
NM_003413	0	0	0	0	0	0	0	0	0	0	0	0
NR_026935	0	0	0	0	0	0	0	0	0	0	0	0
NR_030229	0	0	0	0	0	0	0	0	0	0	0	0
NR_038405	0	0	0	0	0	0	0	0	0	0	0	0
NR_028597	10	16	11	13	9	2	15	12	16	13	19	15
NM_001313913	0	0	0	0	0	0	0	0	0	0	0	0
NM_000133	0	0	0	0	0	0	0	0	0	0	0	0
NM_173694	14	14	14	2	7	9	13	6	14	6	9	14
NM_001010986	0	0	0	0	0	0	0	0	0	0	0	0
NR_030230	0	0	0	1	0	0	0	0	0	0	0	0
NM_001013403	0	0	0	0	0	0	0	0	0	0	0	0
NM_001271560	1	2	0	1	1	0	0	0	0	0	0	1
NM_005634	0	0	0	0	0	0	0	0	0	0	0	0
NR_028345	0	0	0	0	0	0	0	0	0	0	0	0
NR_028344	0	0	0	0	0	0	0	0	0	0	0	0
NM_004065	0	1	1	6	3	0	0	0	0	1	0	0
NR_031725	0	0	0	0	0	0	0	0	0	0	0	0
NM_032461	2	1	0	0	0	0	0	0	0	0	0	0
NR_104088	0	0	0	0	0	0	0	0	0	0	0	0
NR_104080	0	0	0	0	0	0	0	0	0	0	0	0
NR_104084	0	0	0	0	0	0	0	0	0	0	0	0
NR_004394	0	0	0	0	0	0	0	0	0	0	0	0
NR_125730	0	0	0	0	0	0	0	0	0	0	0	0
NM_022661	0	0	0	0	0	0	0	0	0	0	0	0
NM_012317	3	2	6	19	38	0	83	6	2	14	1	2
NM_145662	0	0	0	0	0	0	0	0	0	0	0	0
NM_013453	0	0	0	0	0	0	0	0	0	0	0	0
NM_032417	0	0	0	0	0	0	0	0	0	0	0	0
NM_138702	0	0	0	0	0	0	0	0	0	0	0	0
NM_177456	0	0	0	0	0	0	0	0	0	0	0	0
NM_005462	0	0	0	0	0	0	0	0	0	0	0	0
NM_016249	0	0	0	0	0	0	0	0	0	0	0	0
NM_001009613	0	0	0	0	0	0	0	0	0	0	0	0
NM_001009609	0	0	0	0	0	0	0	0	0	0	0	0
NM_173078	0	0	0	0	0	0	0	0	0	0	0	0
NM_001184750	0	0	0	0	0	0	0	0	0	0	0	0
NM_001184749	0	0	0	0	0	0	0	0	0	0	0	0
NM_001009615	0	0	0	0	0	0	0	0	0	0	0	0
NM_001012989	0	0	0	0	0	0	0	0	0	0	0	0
NR_121210	0	0	0	0	0	0	0	0	0	0	0	0
NM_001009614	0	0	0	0	0	0	0	0	0	0	0	0
NM_001144010	0	0	0	0	0	0	0	0	0	0	0	0
NM_001144009	0	0	0	0	0	0	0	0	0	0	0	0
NM_001144008	0	0	0	0	0	0	0	0	0	0	0	0
NM_004709	0	0	0	0	0	0	0	0	0	0	0	0
NM_001144003	0	0	0	0	0	0	0	0	0	0	0	0
NM_001144004	0	0	0	0	0	0	0	0	0	0	0	0
NM_001144005	0	0	0	0	0	0	0	0	0	0	0	0
NM_032539	0	0	0	0	0	0	0	0	0	0	0	0
NM_001144006	0	0	0	0	0	0	0	0	0	0	0	0
NR_106783	0	0	0	0	0	0	0	0	0	0	0	0
NR_030584	0	0	0	0	0	0	0	0	0	0	0	0
NR_030593	0	0	0	0	0	0	0	0	0	0	0	0
NR_030592	0	0	0	0	0	0	0	0	0	0	0	0
NR_030590	0	0	0	0	0	0	0	0	0	0	0	0
NR_030589	0	0	0	0	0	0	0	0	0	0	0	0
NR_030581	0	0	0	0	0	0	0	0	0	0	0	0
NM_001244892	0	0	0	0	0	0	0	0	0	0	0	0
NM_001144064	0	0	0	0	0	0	0	0	0	0	0	0
NR_031709	0	0	0	0	0	0	0	0	0	0	0	0
NR_031708	0	0	0	0	0	0	0	0	0	0	0	0
NR_030239	0	0	0	0	0	0	0	0	0	0	0	0
NR_030240	0	0	0	0	0	0	0	0	0	0	0	0
NR_030232	0	0	0	0	0	0	0	0	0	0	0	0
NR_030231	0	0	0	0	0	0	0	0	0	0	0	0
NR_030238	0	0	0	0	0	0	0	0	0	0	0	0
NR_030237	0	0	0	0	0	0	0	0	0	0	0	0
NR_030236	0	0	0	0	0	0	0	0	0	0	0	0
NR_030233	0	0	0	0	0	0	0	0	0	0	0	0
NR_036173	0	0	0	0	0	0	0	0	0	0	0	0
NR_030586	0	0	0	0	0	0	0	0	0	0	0	0
NR_030629	0	0	0	0	0	0	0	0	0	0	0	0
NR_030234	0	0	0	0	0	0	0	0	0	0	0	0
NR_030235	0	0	0	0	0	0	0	0	0	0	0	0
NM_001185082	0	0	0	0	0	0	0	0	0	0	0	0
NM_001185081	0	0	0	0	0	0	0	0	0	0	0	0
NM_001185076	0	0	0	0	0	0	0	0	0	0	0	0
NR_024503	0	0	0	0	0	0	0	0	0	0	0	0
NR_024502	0	0	0	0	0	0	0	0	0	0	0	0
NR_024501	0	0	0	0	0	0	0	0	0	0	0	0
NR_033700	0	0	0	0	0	0	0	0	0	0	0	0
NM_002024	0	0	0	0	0	0	0	0	0	0	0	0
NR_033699	0	0	0	0	0	0	0	0	0	0	0	0
NM_001185075	0	0	0	0	0	0	0	0	0	0	0	0
NR_024499	1	1	0	0	0	0	0	0	0	0	0	0
NM_152578	0	0	1	1	1	0	0	0	0	0	0	0
NM_000202	0	0	0	0	0	0	0	0	0	0	0	0
NM_006123	0	0	0	0	0	0	0	0	0	0	0	0
NM_178124	0	0	0	0	0	0	0	0	0	0	0	0
NM_001166550	0	0	0	0	0	0	0	0	0	0	0	0
NM_001171909	12	9	28	5	14	8	15	5	32	12	8	9
NM_001171908	0	0	0	0	0	0	0	0	0	0	0	0
NM_001171907	0	0	0	0	0	0	0	0	0	0	0	0
NR_104128	22	14	16	3	6	7	14	4	11	13	13	18
NR_027455	42	58	39	9	16	10	55	14	70	23	17	39
NM_001164415	0	0	0	0	0	0	0	0	0	0	0	0
NM_016153	0	0	0	0	0	0	0	0	0	0	0	0
NM_005365	0	0	0	0	0	0	0	0	0	0	0	0
NM_001080790	0	0	0	0	0	0	0	0	0	0	0	0
NM_001282302	4	6	5	3	4	1	3	5	9	7	3	1
NM_001174092	0	0	0	0	0	0	0	0	0	0	0	0
NM_032508	0	0	0	0	0	0	0	0	0	0	0	0
NR_104121	0	0	0	0	0	0	0	0	0	0	0	0
NM_005366	0	2	1	0	0	0	0	0	4	2	1	2
NM_001011544	0	0	0	0	0	0	0	0	0	0	0	0
NM_001166400	0	0	0	0	0	0	0	0	0	0	0	0
NM_005364	0	0	0	0	0	0	0	0	0	0	0	0
NR_102703	0	1	0	1	1	0	1	0	1	1	0	0
NM_001166401	0	0	0	0	2	0	0	0	0	0	0	0
NR_109813	0	0	0	0	0	0	0	0	0	0	0	0
NM_001013845	637	581	667	492	506	172	553	505	862	355	350	551
NR_031748	0	0	0	0	0	0	0	0	0	0	0	0
NM_005342	0	0	0	0	0	0	0	0	0	0	0	0
NM_001301231	0	0	0	0	0	0	0	0	1	0	0	0
NM_001301229	0	0	0	0	0	0	0	0	0	0	0	0
NM_001301228	1	2	3	2	3	0	5	4	2	0	5	3
NM_004224	0	0	0	0	0	0	0	0	0	0	0	0
NR_036256	0	0	0	0	0	0	0	0	0	0	0	0
NM_001017980	1278	2005	1631	1263	1708	714	2240	1497	2112	1135	1276	1335
NR_033262	0	0	0	0	0	0	0	0	0	0	0	0
NM_024082	0	0	0	0	0	0	0	0	0	0	0	0
NM_033085	0	0	0	0	0	0	0	0	0	0	0	0
NM_005140	0	0	0	0	0	0	0	0	0	0	0	0
NM_004961	0	0	0	0	0	0	0	0	0	0	0	0
NM_002362	0	0	0	0	0	0	0	0	0	0	0	0
NR_029638	0	0	0	0	0	0	0	0	0	0	0	0
NM_001011550	0	0	0	0	0	0	0	0	0	0	0	0
NM_001011549	0	0	0	0	0	0	0	0	0	0	0	0
NM_001011548	0	0	0	0	0	0	0	0	0	0	0	0
NR_029973	0	0	0	0	0	0	0	0	0	0	0	0
NM_001251828	0	0	0	0	0	0	0	0	0	0	0	0
NM_001204811	0	0	0	0	0	0	0	0	0	0	0	0
NM_021048	0	0	0	0	0	0	0	0	0	0	0	0
NM_001011543	0	0	0	0	0	0	0	0	0	0	0	0
NM_021049	0	0	0	0	0	0	0	0	0	0	0	0
NR_029521	0	0	0	0	0	0	0	0	0	0	0	0
NR_030409	0	0	0	0	0	0	0	0	0	0	0	0
NR_029522	0	0	0	0	0	0	0	0	0	0	0	0
NM_018558	9	0	1	0	1	2	7	0	1	1	19	2
NM_175743	0	0	0	0	0	0	0	0	0	0	0	0
NM_005367	0	0	0	0	0	0	0	0	0	0	0	0
NM_153478	0	0	0	0	0	0	0	0	0	0	0	0
NM_001129828	0	0	0	0	0	0	0	0	0	0	0	0
NM_001129826	0	0	0	0	0	0	0	0	0	0	0	0
NM_001282502	0	0	0	0	0	0	0	0	0	0	0	0
NM_153488	0	0	0	0	0	0	0	0	0	0	0	0
NM_175742	0	0	0	0	0	0	0	0	0	0	0	0
NM_001166386	0	0	0	0	0	0	0	0	0	0	0	0
NM_001282501	0	0	0	0	0	0	0	0	0	0	0	0
NM_001166387	0	0	0	0	0	0	0	0	0	0	0	0
NM_001102576	0	0	0	0	0	0	0	0	0	0	0	0
NM_001282505	0	0	0	0	0	0	0	0	0	0	0	0
NM_001282504	0	0	0	0	0	0	0	0	0	0	0	0
NM_005361	0	0	0	0	0	0	0	0	0	0	0	0
NR_073432	0	0	1	0	0	0	0	0	0	0	0	0
NR_130638	0	0	0	0	0	0	0	0	5	3	0	0
NM_005363	0	0	0	0	0	0	0	0	0	0	0	0
NM_175868	0	0	0	0	0	0	0	0	0	0	0	0
NM_001129765	1	0	0	1	2	2	0	3	4	0	0	1
NM_015922	0	0	0	0	0	0	0	0	0	0	0	0
NM_013364	0	1	0	0	0	0	1	0	0	0	0	0
NM_001184924	0	0	0	0	0	0	0	0	0	0	0	0
NM_032882	1	0	4	0	4	0	0	3	2	0	3	3
NM_001103150	0	0	0	0	0	0	0	0	0	0	0	0
NM_001103151	0	0	0	0	0	0	0	0	0	0	0	0
NM_001282535	0	0	0	0	0	0	0	0	0	0	0	0
NM_052926	0	0	0	0	0	0	0	0	0	0	0	0
NM_004988	0	0	1	0	0	0	1	0	0	0	0	0
NM_001080485	1404	1773	1893	744	1015	652	1314	1181	1026	767	1377	1443
NM_080701	10	3	8	12	9	1	20	7	7	5	8	5
NM_001136273	13	18	16	7	19	2	28	24	11	19	21	16
NM_017518	22	33	39	46	45	14	62	37	55	27	21	29
NM_001130997	0	0	0	0	0	0	0	0	0	0	0	0
NM_152274	0	0	0	0	0	0	3	1	1	0	1	1
NM_021949	0	0	0	0	0	0	0	0	0	0	0	0
NM_001001344	0	0	0	0	0	0	0	0	0	0	0	0
NR_131982	4	4	6	5	6	1	5	7	6	4	1	10
NM_001711	0	0	0	0	0	2	0	0	0	0	0	0
NM_001142806	0	1	0	0	0	0	0	0	0	0	0	0
NM_001142805	0	0	0	0	0	0	0	0	0	0	0	0
NM_005629	0	0	0	0	0	0	0	0	0	0	0	0
NM_005745	0	0	0	2	4	0	0	0	2	0	4	1
NM_001395	0	0	0	0	0	0	0	0	0	0	0	2
NM_001135740	0	0	0	0	0	0	0	0	0	0	0	0
NM_000033	224	96	168	229	193	92	302	146	232	105	169	144
NM_001139457	32	13	20	25	31	9	25	27	48	8	39	19
NM_001139441	0	0	0	0	0	0	0	0	0	0	0	0
NM_001256447	0	0	0	0	2	0	2	2	0	0	0	0
NM_001039582	0	0	0	0	0	0	0	0	0	0	0	0
NM_005393	0	0	0	0	0	0	0	0	0	0	0	0
NR_037927	73	71	42	53	42	23	31	46	31	17	42	53
NM_004135	0	0	0	0	0	0	0	0	0	0	0	0
NM_001170761	0	0	0	0	0	0	0	0	0	0	0	0
NM_001170760	0	0	0	0	0	0	0	0	0	0	0	0
NM_174869	28	19	33	24	18	7	37	18	33	8	30	27
NM_014370	0	0	0	0	0	0	0	0	0	0	0	0
NM_006280	0	0	1	1	0	0	0	0	1	0	0	1
NM_001163257	0	0	0	0	0	0	0	0	0	0	0	0
NM_001303515	0	0	0	0	0	0	0	0	0	0	0	0
NM_001303513	1	0	0	0	0	0	0	1	0	0	0	0
NM_001303512	0	0	0	0	0	0	0	0	0	0	0	0
NM_001303516	0	0	0	0	0	0	0	0	0	0	0	0
NM_001204527	0	0	0	3	3	0	3	3	3	0	3	2
NM_024003	0	0	0	0	0	0	0	0	0	0	0	0
NM_000425	0	0	0	0	0	0	0	0	0	0	0	0
NM_032512	0	0	0	0	0	0	0	0	0	0	0	0
NM_001303514	0	0	0	0	0	0	0	0	0	0	0	0
NM_001143963	0	0	0	0	0	0	0	0	0	0	0	0
NM_001204526	0	0	0	0	0	0	0	0	0	0	0	0
NM_005334	5158	3795	5161	4264	5583	2332	8468	2889	5524	3094	3481	3839
NM_001666	0	0	0	0	0	0	0	0	0	0	0	0
NM_001256120	0	0	0	0	0	0	0	0	0	0	0	0
NM_001256119	0	0	0	0	0	0	0	0	0	0	0	0
NR_027419	1	1	4	0	1	1	1	0	1	2	1	0
NR_036174	0	0	0	0	0	0	0	0	0	0	0	0
NM_002910	177	206	108	145	122	67	149	130	353	56	58	142
NM_001146151	0	0	0	0	0	0	0	0	0	0	0	0
NR_036175	0	0	0	0	0	0	0	0	0	0	0	0
NM_003491	0	0	0	0	0	0	0	0	0	0	0	0
NM_001164741	14	12	11	9	2	4	15	6	9	3	20	7
NM_000054	0	0	0	0	0	0	0	0	0	0	0	0
NM_003492	106	56	72	112	88	30	68	72	94	51	102	70
NR_130768	0	1	0	0	1	0	0	1	2	2	0	1
NR_046608	8	8	9	8	3	5	14	6	4	5	6	3
NM_004992	1144	819	844	313	523	395	845	524	652	542	594	624
NR_031757	0	0	0	0	0	0	0	0	0	0	0	0
NM_001569	0	0	1	8	9	1	12	3	4	0	3	3
NM_001316337	3	2	3	3	2	3	1	1	3	2	2	2
NM_001025242	0	0	0	0	0	0	0	0	0	0	0	0
NM_001025243	0	0	0	0	0	0	0	0	0	0	0	0
NM_001110792	0	0	0	0	0	0	0	0	0	0	0	0
NM_001048181	0	0	0	0	0	0	0	0	0	0	0	0
NM_020061	0	0	0	0	0	0	0	0	0	0	0	0
NM_001303626	0	0	0	0	0	0	0	0	0	0	0	0
NM_001303625	0	0	0	0	0	1	0	0	0	0	0	0
NM_001303624	245	23	542	148	245	60	315	262	189	141	448	119
NM_001456	0	0	0	0	0	0	0	0	0	0	0	0
NM_001256580	0	0	0	0	0	0	0	0	0	0	0	0
NM_001256577	0	0	0	0	0	0	0	0	0	0	0	0
NM_012253	0	0	0	0	0	0	0	0	0	0	0	0
NM_000117	1384	1230	1343	1579	1498	580	1898	1431	1856	706	1203	1517
NM_006013	0	0	0	0	0	0	0	0	0	0	0	0
NM_001110556	1	2	1	1	0	2	4	1	8	0	2	1
NM_001145934	0	0	0	0	0	0	0	0	0	0	0	0
NM_001145933	0	0	0	0	0	0	0	0	0	0	0	0
NR_000011	120	139	162	74	92	57	96	67	142	70	111	83
NM_006014	290	238	534	393	436	153	327	374	431	154	410	430
NM_001142391	0	0	0	0	0	0	0	0	0	0	0	0
NM_001171134	0	0	0	0	0	0	0	0	0	0	0	0
NM_014235	1076	928	1458	751	828	565	998	1015	1144	746	924	909
NR_024048	2	4	6	2	3	1	9	4	10	0	5	7
NM_001493	3106	2595	3082	2144	2244	1153	2880	1887	3632	1689	2478	2241
NM_019848	0	0	0	7	17	0	16	6	4	0	8	8
NM_001303465	0	0	0	0	0	0	0	0	0	0	1	0
NM_001142392	0	0	0	0	0	0	0	0	0	0	0	0
NM_001183	2052	1418	2110	1522	1372	776	1494	1171	1647	1034	1625	1362
NM_000116	0	0	0	0	0	0	0	0	0	0	0	0
NR_106917	0	0	0	0	0	1	0	0	0	1	0	0
NM_181313	0	0	0	0	0	0	0	0	0	0	0	0
NM_181312	0	0	0	0	0	0	0	0	0	0	0	0
NM_181311	0	0	0	0	0	0	0	0	0	0	0	0
NM_021806	0	0	0	0	0	0	0	0	0	0	0	0
NM_004699	1793	1571	1906	1402	1435	759	1484	1116	2410	743	1401	1615
NM_017514	368	285	332	337	473	190	468	457	548	256	417	239
NM_001171132	0	0	0	0	0	0	0	0	0	0	0	0
NM_001171133	0	0	0	0	0	0	0	0	0	0	0	0
NM_001282312	0	0	0	0	0	0	0	0	0	0	0	0
NM_001282311	5	4	7	8	0	4	7	1	3	6	4	8
NR_103768	50	25	47	27	37	26	49	30	44	25	34	18
NM_003639	9	8	15	0	2	3	4	2	7	4	2	7
NM_001145255	0	0	0	0	0	0	0	0	0	0	0	0
NM_139250	0	0	0	0	0	0	0	0	0	0	0	0
NM_172377	0	0	0	0	0	0	0	0	0	0	0	0
NM_020994	0	0	0	0	0	0	0	0	0	0	0	0
NM_001099856	0	0	0	2	0	0	0	1	4	0	0	1
NM_001099857	0	0	0	0	0	0	0	0	0	0	0	0
NM_001327	0	0	0	0	0	0	0	0	0	0	0	0
NR_027402	0	0	0	0	0	0	0	0	0	0	0	0
NR_027401	0	0	0	0	0	0	0	0	0	0	0	0
NM_001282283	0	0	0	0	0	0	0	0	0	0	0	0
NR_110023	2	1	2	0	1	0	3	0	3	3	1	1
NR_049842	0	0	0	0	0	0	0	0	0	0	0	0
NM_001363	0	0	0	0	0	0	0	0	0	0	0	0
NM_001142463	0	0	0	0	0	0	0	0	0	0	0	0
NM_001288747	11	19	14	6	5	2	19	8	10	5	8	10
NM_080612	0	0	0	0	0	0	0	0	0	0	0	0
NM_001081573	0	0	0	0	0	0	0	0	0	0	0	0
NR_104114	0	0	0	0	0	0	0	1	0	0	0	0
NR_002969	0	0	0	0	0	0	0	0	0	0	0	0
NR_002984	0	0	0	0	0	0	0	0	0	0	0	0
NR_110021	1	6	7	4	3	3	17	3	11	2	5	5
NR_110022	3	8	3	1	0	6	7	5	5	1	2	1
NM_080720	0	0	0	0	0	0	0	0	0	0	0	0
NR_036049	0	0	0	0	0	0	0	0	0	0	0	0
NR_036259	0	0	0	0	0	0	0	0	0	0	0	0
NR_036260	0	0	0	0	0	0	0	0	0	0	0	0
NM_001162936	0	1	0	0	0	0	0	0	0	1	0	0
NM_012151	13	124	177	106	266	49	222	183	253	146	61	91
NM_001017990	0	0	0	0	0	0	0	0	0	0	0	0
NM_001017991	0	0	0	0	0	0	0	0	1	0	0	0
NM_001007524	0	0	0	0	0	0	0	0	0	0	0	0
NM_001007523	0	0	0	0	0	0	0	0	0	0	0	0
NM_019863	0	1	0	0	1	0	0	1	1	2	0	0
NM_023934	1800	1737	2494	1530	1581	1069	1951	1816	2545	1255	1259	1455
NM_001018025	26	30	36	12	16	34	42	22	57	12	55	29
NM_001018024	373	462	627	345	434	224	432	522	583	300	344	441
NM_001242640	0	0	0	0	0	0	0	0	1	0	0	0
NM_024332	3	0	3	0	3	0	1	1	2	0	5	5
NM_001018055	0	0	0	0	0	0	0	0	0	0	0	0
NM_001303545	0	0	0	0	0	0	0	0	0	0	0	0
NM_001303543	0	0	0	0	0	0	0	0	0	0	0	0
NM_171998	406	382	444	351	336	149	422	348	397	265	636	420
NM_003372	0	0	0	0	0	0	0	0	0	0	0	0
NM_001303544	1	0	0	0	1	0	0	0	0	0	0	0
NR_039991	0	0	0	0	0	0	0	0	0	0	0	0
NR_109985	0	0	0	0	0	0	0	0	0	0	0	0
NM_005840	0	0	0	0	0	0	0	0	0	0	0	0
NM_005638	0	0	0	0	0	0	0	0	0	0	0	0
NM_001185183	0	0	0	0	0	0	0	0	0	0	0	0
NR_033714	0	0	0	0	0	0	0	0	0	0	0	0
NM_001145149	0	0	0	0	0	0	0	0	0	0	0	0
NR_033715	0	0	0	0	0	0	0	0	0	0	0	0
NM_176786	11	9	5	1	1	4	1	1	4	1	1	5
NM_002186	6	5	2	0	0	2	0	3	3	0	2	7
NR_110561	3	9	7	3	1	1	4	4	1	2	5	11
